;101;Банско;2;5
;101;Банско;8;2
;101;Банско;17;3
;101;Банско;22;2
;101;Банско;23;1
;101;Банско;24;4
;102;Белица;2;2
;102;Белица;7;9
;102;Белица;8;2
;102;Белица;24;1
;102;Белица;25;3
;103;Благоевград;2;9
;103;Благоевград;5;3
;103;Благоевград;8;6
;103;Благоевград;17;1
;103;Благоевград;24;1
;103;Благоевград;30;2
;103;Благоевград;34;1
;103;Благоевград;35;2
;103;Благоевград;37;2
;103;Благоевград;38;2
;103;Благоевград;43;4
;103;Благоевград;45;4
;111;Гоце Делчев;2;8
;111;Гоце Делчев;7;7
;111;Гоце Делчев;8;6
;111;Гоце Делчев;27;2
;111;Гоце Делчев;29;2
;111;Гоце Делчев;30;2
;111;Гоце Делчев;32;2
;113;Гърмен;2;4
;113;Гърмен;7;10
;113;Гърмен;26;1
;113;Гърмен;28;2
;128;Кресна;2;4
;128;Кресна;9;5
;128;Кресна;22;4
;133;Петрич;2;7
;133;Петрич;8;3
;133;Петрич;13;2
;133;Петрич;14;1
;133;Петрич;24;6
;133;Петрич;32;4
;133;Петрич;36;3
;133;Петрич;37;1
;133;Петрич;38;3
;133;Петрич;39;1
;133;Петрич;40;2
;137;Разлог;2;10
;137;Разлог;14;3
;137;Разлог;28;2
;137;Разлог;29;3
;137;Разлог;30;3
;140;Сандански;2;8
;140;Сандански;8;1
;140;Сандански;14;2
;140;Сандански;17;4
;140;Сандански;24;1
;140;Сандански;25;1
;140;Сандански;26;2
;140;Сандански;27;4
;140;Сандански;35;1
;140;Сандански;36;3
;140;Сандански;37;2
;142;Сатовча;2;4
;142;Сатовча;7;6
;142;Сатовча;8;2
;142;Сатовча;26;1
;142;Сатовча;27;4
;144;Симитли;2;5
;144;Симитли;14;1
;144;Симитли;24;9
;144;Симитли;28;2
;149;Струмяни;2;6
;149;Струмяни;14;2
;149;Струмяни;24;5
;152;Хаджидимово;2;3
;152;Хаджидимово;7;5
;152;Хаджидимово;8;2
;152;Хаджидимово;22;2
;152;Хаджидимово;24;5
;153;Якоруда;2;2
;153;Якоруда;5;2
;153;Якоруда;7;11
;153;Якоруда;22;2
;201;Айтос;2;4
;201;Айтос;5;2
;201;Айтос;7;8
;201;Айтос;8;6
;201;Айтос;22;2
;201;Айтос;24;2
;201;Айтос;32;2
;201;Айтос;34;3
;204;Бургас;2;28
;204;Бургас;6;7
;204;Бургас;7;2
;204;Бургас;8;6
;204;Бургас;9;1
;204;Бургас;30;2
;204;Бургас;38;2
;204;Бургас;40;1
;204;Бургас;45;2
;206;Средец;2;7
;206;Средец;8;6
;206;Средец;14;2
;206;Средец;24;2
;208;Камено;2;5
;208;Камено;8;9
;208;Камено;22;3
;209;Карнобат;2;4
;209;Карнобат;7;2
;209;Карнобат;8;7
;209;Карнобат;25;2
;209;Карнобат;27;2
;209;Карнобат;29;4
;212;Малко Търново;2;2
;212;Малко Търново;14;2
;212;Малко Търново;22;6
;212;Малко Търново;23;1
;213;Царево;2;7
;213;Царево;8;4
;213;Царево;11;2
;215;Несебър;2;5
;215;Несебър;30;1
;215;Несебър;32;7
;215;Несебър;35;2
;215;Несебър;36;4
;215;Несебър;37;2
;217;Поморие;2;9
;217;Поморие;7;4
;217;Поморие;8;2
;217;Поморие;14;2
;217;Поморие;30;2
;217;Поморие;40;2
;218;Руен;2;3
;218;Руен;5;2
;218;Руен;7;19
;218;Руен;8;1
;218;Руен;26;1
;218;Руен;35;3
;221;Созопол;2;11
;221;Созопол;8;3
;221;Созопол;23;3
;223;Сунгурларе;2;3
;223;Сунгурларе;7;6
;223;Сунгурларе;8;3
;223;Сунгурларе;14;1
;223;Сунгурларе;22;2
;223;Сунгурларе;23;1
;223;Сунгурларе;30;1
;227;Приморско;2;5
;227;Приморско;8;2
;227;Приморско;24;2
;227;Приморско;29;4
;301;Аврен;2;5
;301;Аврен;8;3
;301;Аврен;29;3
;301;Аврен;30;2
;302;Аксаково;2;10
;302;Аксаково;8;3
;302;Аксаково;27;1
;302;Аксаково;29;3
;304;Белослав;2;4
;304;Белослав;8;2
;304;Белослав;27;5
;304;Белослав;30;3
;304;Белослав;33;3
;305;Бяла;2;5
;305;Бяла;7;1
;305;Бяла;8;2
;305;Бяла;22;1
;305;Бяла;25;2
;306;Варна;2;16
;306;Варна;7;3
;306;Варна;8;8
;306;Варна;9;2
;306;Варна;25;3
;306;Варна;35;3
;306;Варна;36;3
;306;Варна;39;4
;306;Варна;40;2
;306;Варна;46;3
;306;Варна;49;3
;306;Варна;59;1
;308;Ветрино;2;6
;308;Ветрино;7;3
;308;Ветрино;8;4
;309;Вълчи дол;2;8
;309;Вълчи дол;7;4
;309;Вълчи дол;8;5
;313;Долни чифлик;2;5
;313;Долни чифлик;7;5
;313;Долни чифлик;8;3
;313;Долни чифлик;27;1
;313;Долни чифлик;31;3
;313;Долни чифлик;33;2
;313;Долни чифлик;34;2
;314;Девня;2;3
;314;Девня;8;1
;314;Девня;25;3
;314;Девня;33;4
;314;Девня;34;2
;316;Дългопол;2;4
;316;Дългопол;5;2
;316;Дългопол;7;3
;316;Дългопол;8;3
;316;Дългопол;26;2
;316;Дългопол;27;3
;324;Провадия;2;7
;324;Провадия;7;3
;324;Провадия;8;8
;324;Провадия;33;3
;326;Суворово;2;4
;326;Суворово;7;2
;326;Суворово;8;2
;326;Суворово;17;5
;404;Велико Търново;2;13
;404;Велико Търново;7;2
;404;Велико Търново;8;8
;404;Велико Търново;17;2
;404;Велико Търново;23;5
;404;Велико Търново;24;1
;404;Велико Търново;40;2
;404;Велико Търново;44;2
;404;Велико Търново;45;2
;406;Горна Оряховица;2;11
;406;Горна Оряховица;7;1
;406;Горна Оряховица;8;8
;406;Горна Оряховица;9;2
;406;Горна Оряховица;17;1
;406;Горна Оряховица;24;3
;406;Горна Оряховица;34;4
;406;Горна Оряховица;41;3
;413;Елена;2;9
;413;Елена;8;8
;414;Златарица;2;2
;414;Златарица;8;2
;414;Златарица;17;4
;414;Златарица;25;3
;420;Лясковец;14;2
;420;Лясковец;24;2
;420;Лясковец;25;4
;420;Лясковец;27;9
;422;Павликени;2;5
;422;Павликени;7;2
;422;Павликени;8;8
;422;Павликени;33;2
;422;Павликени;39;2
;422;Павликени;42;2
;426;Полски Тръмбеш;2;5
;426;Полски Тръмбеш;7;3
;426;Полски Тръмбеш;8;4
;426;Полски Тръмбеш;25;3
;426;Полски Тръмбеш;34;2
;428;Свищов;2;6
;428;Свищов;5;2
;428;Свищов;8;5
;428;Свищов;9;3
;428;Свищов;14;1
;428;Свищов;26;12
;431;Стражица;2;4
;431;Стражица;7;4
;431;Стражица;8;4
;431;Стражица;14;2
;431;Стражица;22;1
;431;Стражица;26;2
;432;Сухиндол;2;3
;432;Сухиндол;8;6
;432;Сухиндол;22;2
;501;Белоградчик;2;3
;501;Белоградчик;5;1
;501;Белоградчик;8;3
;501;Белоградчик;24;2
;501;Белоградчик;27;3
;501;Белоградчик;32;1
;503;Бойница;2;2
;503;Бойница;8;2
;503;Бойница;13;2
;503;Бойница;22;5
;506;Брегово;2;4
;506;Брегово;8;8
;506;Брегово;22;1
;509;Видин;2;11
;509;Видин;9;2
;509;Видин;14;4
;509;Видин;22;5
;509;Видин;23;8
;509;Видин;36;1
;509;Видин;38;6
;515;Грамада;8;2
;515;Грамада;23;6
;515;Грамада;26;3
;516;Димово;2;4
;516;Димово;8;3
;516;Димово;22;2
;516;Димово;23;2
;516;Димово;26;2
;522;Кула;2;4
;522;Кула;8;4
;522;Кула;14;1
;522;Кула;23;2
;525;Макреш;2;4
;525;Макреш;8;5
;525;Макреш;24;1
;525;Макреш;25;1
;530;Ново село;8;5
;530;Ново село;14;2
;530;Ново село;25;4
;533;Ружинци;2;5
;533;Ружинци;8;6
;537;Чупрене;2;2
;537;Чупрене;22;9
;605;Борован;2;3
;605;Борован;8;5
;605;Борован;22;1
;605;Борован;23;1
;605;Борован;31;3
;608;Бяла Слатина;2;7
;608;Бяла Слатина;5;4
;608;Бяла Слатина;8;5
;608;Бяла Слатина;40;2
;608;Бяла Слатина;41;3
;610;Враца;2;15
;610;Враца;8;7
;610;Враца;9;1
;610;Враца;23;1
;610;Враца;24;2
;610;Враца;34;2
;610;Враца;37;1
;610;Враца;41;2
;610;Враца;43;3
;610;Враца;45;3
;620;Козлодуй;8;7
;620;Козлодуй;22;1
;620;Козлодуй;24;8
;620;Козлодуй;35;1
;620;Козлодуй;39;4
;621;Криводол;2;3
;621;Криводол;7;3
;621;Криводол;8;5
;621;Криводол;31;2
;627;Мездра;2;8
;627;Мездра;8;8
;627;Мездра;28;2
;627;Мездра;38;1
;627;Мездра;39;2
;628;Мизия;2;3
;628;Мизия;8;5
;628;Мизия;22;5
;631;Оряхово;2;5
;631;Оряхово;8;2
;631;Оряхово;22;1
;631;Оряхово;23;3
;631;Оряхово;25;3
;631;Оряхово;27;2
;631;Оряхово;29;1
;632;Роман;2;5
;632;Роман;8;3
;632;Роман;11;2
;632;Роман;24;1
;632;Роман;25;2
;635;Хайредин;2;1
;635;Хайредин;8;3
;635;Хайредин;26;2
;635;Хайредин;27;2
;635;Хайредин;30;5
;705;Габрово;2;20
;705;Габрово;8;7
;705;Габрово;9;2
;705;Габрово;14;2
;705;Габрово;27;1
;705;Габрово;31;1
;712;Дряново;2;3
;712;Дряново;8;2
;712;Дряново;22;2
;712;Дряново;23;3
;712;Дряново;24;2
;712;Дряново;28;3
;712;Дряново;34;2
;729;Севлиево;2;13
;729;Севлиево;7;4
;729;Севлиево;23;11
;729;Севлиево;25;1
;735;Трявна;2;2
;735;Трявна;8;1
;735;Трявна;23;3
;735;Трявна;25;4
;735;Трявна;26;2
;735;Трявна;28;2
;735;Трявна;29;3
;803;Балчик;2;6
;803;Балчик;7;4
;803;Балчик;8;4
;803;Балчик;17;2
;803;Балчик;28;2
;803;Балчик;43;3
;812;Генерал Тошево;2;3
;812;Генерал Тошево;7;2
;812;Генерал Тошево;8;8
;812;Генерал Тошево;29;3
;812;Генерал Тошево;31;1
;815;Добрич;2;5
;815;Добрич;7;4
;815;Добрич;8;8
;815;Добрич;26;2
;815;Добрич;30;2
;817;Каварна;2;4
;817;Каварна;7;2
;817;Каварна;8;4
;817;Каварна;14;4
;817;Каварна;24;3
;820;Крушари;2;4
;820;Крушари;5;2
;820;Крушари;7;5
;820;Крушари;8;2
;827;Тервел;2;3
;827;Тервел;5;1
;827;Тервел;7;7
;827;Тервел;8;10
;828;Добрич-град;2;25
;828;Добрич-град;7;2
;828;Добрич-град;8;8
;828;Добрич-град;9;3
;828;Добрич-град;17;1
;828;Добрич-град;36;2
;829;Шабла;2;4
;829;Шабла;8;5
;829;Шабла;22;2
;829;Шабла;23;2
;902;Ардино;2;6
;902;Ардино;5;2
;902;Ардино;7;13
;908;Джебел;2;6
;908;Джебел;7;14
;908;Джебел;8;1
;914;Кирково;2;9
;914;Кирково;5;2
;914;Кирково;7;16
;914;Кирково;8;1
;914;Кирково;25;1
;915;Крумовград;2;6
;915;Крумовград;5;2
;915;Крумовград;7;19
;915;Крумовград;8;2
;916;Кърджали;2;9
;916;Кърджали;5;1
;916;Кърджали;7;23
;916;Кърджали;8;7
;916;Кърджали;32;1
;921;Момчилград;2;4
;921;Момчилград;3;1
;921;Момчилград;7;23
;921;Момчилград;8;1
;935;Черноочене;2;2
;935;Черноочене;5;2
;935;Черноочене;7;13
;1004;Бобовдол;2;2
;1004;Бобовдол;8;2
;1004;Бобовдол;25;9
;1005;Бобошево;2;3
;1005;Бобошево;8;3
;1005;Бобошево;9;2
;1005;Бобошево;25;2
;1005;Бобошево;26;1
;1027;Кочериново;2;4
;1027;Кочериново;8;3
;1027;Кочериново;24;2
;1027;Кочериново;26;2
;1029;Кюстендил;2;9
;1029;Кюстендил;8;8
;1029;Кюстендил;14;2
;1029;Кюстендил;27;2
;1029;Кюстендил;33;2
;1029;Кюстендил;37;13
;1029;Кюстендил;44;1
;1031;Невестино;2;3
;1031;Невестино;8;5
;1031;Невестино;23;3
;1038;Рила;2;7
;1038;Рила;8;2
;1038;Рила;9;2
;1041;Сапарева баня;2;4
;1041;Сапарева баня;5;2
;1041;Сапарева баня;8;2
;1041;Сапарева баня;29;3
;1041;Сапарева баня;32;2
;1048;Дупница;2;11
;1048;Дупница;8;8
;1048;Дупница;14;1
;1048;Дупница;23;1
;1048;Дупница;27;4
;1048;Дупница;29;1
;1048;Дупница;32;1
;1048;Дупница;34;4
;1048;Дупница;35;2
;1050;Трекляно;2;3
;1050;Трекляно;8;4
;1050;Трекляно;14;1
;1050;Трекляно;25;3
;1102;Априлци;2;4
;1102;Априлци;8;1
;1102;Априлци;14;2
;1102;Априлци;22;3
;1102;Априлци;23;1
;1117;Летница;2;4
;1117;Летница;8;3
;1117;Летница;31;6
;1118;Ловеч;2;13
;1118;Ловеч;7;2
;1118;Ловеч;8;13
;1118;Ловеч;27;2
;1118;Ловеч;39;1
;1118;Ловеч;43;2
;1119;Луковит;2;8
;1119;Луковит;5;2
;1119;Луковит;7;2
;1119;Луковит;8;4
;1119;Луковит;25;2
;1119;Луковит;29;1
;1119;Луковит;35;2
;1133;Тетевен;2;5
;1133;Тетевен;7;3
;1133;Тетевен;8;4
;1133;Тетевен;14;2
;1133;Тетевен;28;3
;1133;Тетевен;33;1
;1133;Тетевен;35;3
;1134;Троян;2;9
;1134;Троян;7;1
;1134;Троян;8;10
;1134;Троян;9;2
;1134;Троян;11;1
;1134;Троян;14;1
;1134;Троян;17;1
;1134;Троян;28;4
;1136;Угърчин;2;3
;1136;Угърчин;7;2
;1136;Угърчин;8;6
;1136;Угърчин;26;2
;1138;Ябланица;2;4
;1138;Ябланица;8;2
;1138;Ябланица;25;5
;1138;Ябланица;27;2
;1202;Берковица;2;7
;1202;Берковица;8;5
;1202;Берковица;24;2
;1202;Берковица;30;1
;1202;Берковица;32;5
;1202;Берковица;35;1
;1204;Бойчиновци;2;4
;1204;Бойчиновци;8;4
;1204;Бойчиновци;14;5
;1207;Брусарци;2;5
;1207;Брусарци;8;4
;1207;Брусарци;14;1
;1207;Брусарци;23;3
;1211;Вълчедръм;2;6
;1211;Вълчедръм;8;3
;1211;Вълчедръм;23;1
;1211;Вълчедръм;24;1
;1211;Вълчедръм;26;6
;1212;Вършец;2;3
;1212;Вършец;8;2
;1212;Вършец;23;3
;1212;Вършец;25;3
;1212;Вършец;29;2
;1214;Георги Дамяново;2;6
;1214;Георги Дамяново;8;2
;1214;Георги Дамяново;23;3
;1224;Лом;2;10
;1224;Лом;8;7
;1224;Лом;22;3
;1224;Лом;24;4
;1224;Лом;32;2
;1224;Лом;34;3
;1226;Медковец;2;3
;1226;Медковец;8;8
;1229;Монтана;2;10
;1229;Монтана;8;5
;1229;Монтана;9;1
;1229;Монтана;14;2
;1229;Монтана;31;15
;1236;Чипровци;2;3
;1236;Чипровци;17;2
;1236;Чипровци;27;4
;1236;Чипровци;29;2
;1238;Якимово;2;5
;1238;Якимово;8;4
;1238;Якимово;24;2
;1303;Батак;2;3
;1303;Батак;7;4
;1303;Батак;8;4
;1303;Батак;23;2
;1304;Белово;2;3
;1304;Белово;8;2
;1304;Белово;22;2
;1304;Белово;25;1
;1304;Белово;28;5
;1306;Брацигово;2;6
;1306;Брацигово;8;4
;1306;Брацигово;26;4
;1306;Брацигово;38;3
;1308;Велинград;2;9
;1308;Велинград;5;2
;1308;Велинград;7;9
;1308;Велинград;8;4
;1308;Велинград;23;2
;1308;Велинград;41;1
;1308;Велинград;42;2
;1314;Лесичово;2;4
;1314;Лесичово;7;1
;1314;Лесичово;8;4
;1314;Лесичово;27;2
;1314;Лесичово;30;2
;1319;Пазарджик;2;8
;1319;Пазарджик;8;7
;1319;Пазарджик;22;3
;1319;Пазарджик;26;2
;1319;Пазарджик;38;1
;1319;Пазарджик;43;1
;1319;Пазарджик;46;17
;1319;Пазарджик;49;2
;1320;Панагюрище;2;9
;1320;Панагюрище;5;5
;1320;Панагюрище;8;4
;1320;Панагюрище;30;2
;1320;Панагюрище;32;1
;1321;Пещера;2;5
;1321;Пещера;7;2
;1321;Пещера;8;6
;1321;Пещера;9;2
;1321;Пещера;17;2
;1321;Пещера;28;1
;1321;Пещера;36;1
;1321;Пещера;39;2
;1324;Ракитово;2;5
;1324;Ракитово;7;3
;1324;Ракитово;8;3
;1324;Ракитово;14;2
;1324;Ракитово;22;2
;1324;Ракитово;32;2
;1329;Септември;2;4
;1329;Септември;5;1
;1329;Септември;7;2
;1329;Септември;8;4
;1329;Септември;14;1
;1329;Септември;23;3
;1329;Септември;25;2
;1329;Септември;32;1
;1329;Септември;37;3
;1332;Стрелча;2;2
;1332;Стрелча;8;2
;1332;Стрелча;23;3
;1332;Стрелча;35;4
;1332;Стрелча;36;2
;1408;Брезник;2;4
;1408;Брезник;8;3
;1408;Брезник;23;2
;1408;Брезник;24;3
;1408;Брезник;35;1
;1419;Земен;2;6
;1419;Земен;8;3
;1419;Земен;23;2
;1422;Ковачевци;2;3
;1422;Ковачевци;8;6
;1422;Ковачевци;11;2
;1432;Перник;2;15
;1432;Перник;9;1
;1432;Перник;25;12
;1432;Перник;32;5
;1432;Перник;34;3
;1432;Перник;40;2
;1432;Перник;43;3
;1436;Радомир;2;6
;1436;Радомир;8;5
;1436;Радомир;13;3
;1436;Радомир;14;2
;1436;Радомир;29;3
;1436;Радомир;31;2
;1451;Трън;2;7
;1451;Трън;28;4
;1503;Белене;2;3
;1503;Белене;22;5
;1503;Белене;25;6
;1503;Белене;26;2
;1503;Белене;29;1
;1508;Гулянци;2;4
;1508;Гулянци;8;8
;1508;Гулянци;9;1
;1508;Гулянци;14;3
;1508;Гулянци;22;1
;1510;Долна Митрополия;2;4
;1510;Долна Митрополия;7;2
;1510;Долна Митрополия;8;7
;1510;Долна Митрополия;25;2
;1510;Долна Митрополия;30;6
;1511;Долни Дъбник;2;8
;1511;Долни Дъбник;7;1
;1511;Долни Дъбник;8;2
;1511;Долни Дъбник;28;6
;1516;Левски;2;4
;1516;Левски;7;2
;1516;Левски;8;6
;1516;Левски;9;1
;1516;Левски;13;2
;1516;Левски;28;6
;1521;Никопол;2;7
;1521;Никопол;7;4
;1521;Никопол;8;6
;1523;Искър;2;4
;1523;Искър;13;2
;1523;Искър;14;2
;1523;Искър;22;5
;1524;Плевен;2;14
;1524;Плевен;8;8
;1524;Плевен;9;2
;1524;Плевен;14;2
;1524;Плевен;22;2
;1524;Плевен;25;2
;1524;Плевен;34;9
;1524;Плевен;39;2
;1527;Пордим;2;5
;1527;Пордим;7;1
;1527;Пордим;8;4
;1527;Пордим;17;1
;1527;Пордим;24;2
;1537;Червен бряг;2;11
;1537;Червен бряг;7;2
;1537;Червен бряг;8;6
;1537;Червен бряг;14;3
;1537;Червен бряг;27;1
;1537;Червен бряг;38;3
;1537;Червен бряг;46;2
;1537;Червен бряг;47;1
;1539;Кнежа;2;4
;1539;Кнежа;7;3
;1539;Кнежа;8;2
;1539;Кнежа;24;6
;1539;Кнежа;28;2
;1601;Асеновград;2;13
;1601;Асеновград;4;3
;1601;Асеновград;7;7
;1601;Асеновград;8;7
;1601;Асеновград;9;1
;1601;Асеновград;25;2
;1607;Брезово;2;4
;1607;Брезово;8;9
;1612;Калояново;2;4
;1612;Калояново;14;4
;1612;Калояново;26;4
;1612;Калояново;28;5
;1613;Карлово;2;11
;1613;Карлово;5;2
;1613;Карлово;7;2
;1613;Карлово;9;2
;1613;Карлово;38;10
;1613;Карлово;45;6
;1615;Лъки;2;2
;1615;Лъки;7;2
;1615;Лъки;8;2
;1615;Лъки;22;1
;1615;Лъки;23;2
;1615;Лъки;24;2
;1617;Марица;2;6
;1617;Марица;7;2
;1617;Марица;8;7
;1617;Марица;29;2
;1617;Марица;30;6
;1617;Марица;32;3
;1617;Марица;34;3
;1622;Пловдив;2;19
;1622;Пловдив;7;3
;1622;Пловдив;8;7
;1622;Пловдив;9;2
;1622;Пловдив;17;1
;1622;Пловдив;23;4
;1622;Пловдив;29;8
;1622;Пловдив;39;2
;1622;Пловдив;42;2
;1622;Пловдив;49;3
;1623;Първомай;2;4
;1623;Първомай;7;1
;1623;Първомай;8;3
;1623;Първомай;14;2
;1623;Първомай;25;4
;1623;Първомай;29;6
;1623;Първомай;30;1
;1625;Раковски;2;11
;1625;Раковски;7;1
;1625;Раковски;8;6
;1625;Раковски;26;3
;1626;Родопи;2;9
;1626;Родопи;7;3
;1626;Родопи;8;5
;1626;Родопи;9;1
;1626;Родопи;27;2
;1626;Родопи;31;8
;1626;Родопи;33;1
;1628;Садово;2;6
;1628;Садово;8;4
;1628;Садово;13;2
;1628;Садово;26;2
;1628;Садово;41;3
;1633;Съединение;2;8
;1633;Съединение;8;4
;1633;Съединение;14;2
;1633;Съединение;26;2
;1633;Съединение;30;1
;1637;Хисаря;2;3
;1637;Хисаря;8;4
;1637;Хисаря;22;4
;1637;Хисаря;23;3
;1637;Хисаря;27;3
;1639;Кричим;2;2
;1639;Кричим;7;2
;1639;Кричим;22;3
;1639;Кричим;24;6
;1640;Перущица;2;2
;1640;Перущица;8;3
;1640;Перущица;11;5
;1640;Перущица;26;1
;1640;Перущица;30;2
;1641;Стамболийски;2;4
;1641;Стамболийски;8;4
;1641;Стамболийски;9;2
;1641;Стамболийски;17;2
;1641;Стамболийски;24;6
;1641;Стамболийски;29;3
;1642;Куклен;2;2
;1642;Куклен;7;4
;1642;Куклен;8;2
;1642;Куклен;31;5
;1643;Сопот;2;4
;1643;Сопот;8;5
;1643;Сопот;26;1
;1643;Сопот;30;2
;1643;Сопот;33;4
;1643;Сопот;35;1
;1711;Завет;2;2
;1711;Завет;7;11
;1711;Завет;8;1
;1711;Завет;27;2
;1711;Завет;30;1
;1714;Исперих;2;4
;1714;Исперих;7;20
;1714;Исперих;8;5
;1716;Кубрат;2;6
;1716;Кубрат;7;12
;1716;Кубрат;8;2
;1716;Кубрат;30;1
;1717;Лозница;2;3
;1717;Лозница;7;11
;1717;Лозница;8;1
;1717;Лозница;14;1
;1717;Лозница;22;1
;1726;Разград;2;13
;1726;Разград;7;9
;1726;Разград;8;8
;1726;Разград;29;3
;1729;Самуил;2;1
;1729;Самуил;5;3
;1729;Самуил;7;12
;1729;Самуил;23;1
;1736;Цар Калоян;2;1
;1736;Цар Калоян;5;3
;1736;Цар Калоян;7;6
;1736;Цар Калоян;8;2
;1736;Цар Калоян;23;1
;1803;Борово;2;7
;1803;Борово;7;2
;1803;Борово;8;4
;1804;Бяла;2;5
;1804;Бяла;7;1
;1804;Бяла;8;5
;1804;Бяла;22;2
;1804;Бяла;25;4
;1805;Ветово;2;2
;1805;Ветово;7;9
;1805;Ветово;8;3
;1805;Ветово;26;3
;1808;Две могили;2;4
;1808;Две могили;7;4
;1808;Две могили;8;4
;1808;Две могили;28;5
;1813;Иваново;2;6
;1813;Иваново;7;2
;1813;Иваново;8;5
;1827;Русе;2;25
;1827;Русе;7;2
;1827;Русе;8;9
;1827;Русе;9;2
;1827;Русе;14;3
;1827;Русе;25;7
;1827;Русе;34;2
;1827;Русе;55;1
;1833;Сливо поле;2;7
;1833;Сливо поле;7;6
;1833;Сливо поле;8;4
;1837;Ценово;2;4
;1837;Ценово;8;3
;1837;Ценово;27;6
;1901;Алфатар;2;2
;1901;Алфатар;5;2
;1901;Алфатар;7;2
;1901;Алфатар;8;3
;1901;Алфатар;22;2
;1907;Главиница;2;3
;1907;Главиница;5;5
;1907;Главиница;7;7
;1907;Главиница;8;2
;1910;Дулово;2;9
;1910;Дулово;5;3
;1910;Дулово;7;15
;1910;Дулово;8;2
;1915;Кайнарджа;2;5
;1915;Кайнарджа;7;2
;1915;Кайнарджа;8;3
;1915;Кайнарджа;13;3
;1931;Силистра;2;12
;1931;Силистра;7;3
;1931;Силистра;8;7
;1931;Силистра;9;2
;1931;Силистра;17;1
;1931;Силистра;28;6
;1931;Силистра;33;2
;1932;Ситово;7;5
;1932;Ситово;8;3
;1932;Ситово;24;2
;1932;Ситово;25;3
;1934;Тутракан;2;6
;1934;Тутракан;7;6
;1934;Тутракан;8;4
;1934;Тутракан;29;1
;2011;Котел;2;7
;2011;Котел;7;9
;2011;Котел;8;3
;2011;Котел;14;1
;2011;Котел;22;1
;2016;Нова Загора;2;15
;2016;Нова Загора;7;2
;2016;Нова Загора;8;5
;2016;Нова Загора;9;2
;2016;Нова Загора;14;2
;2016;Нова Загора;25;2
;2016;Нова Загора;26;1
;2020;Сливен;2;12
;2020;Сливен;7;1
;2020;Сливен;8;11
;2020;Сливен;9;2
;2020;Сливен;14;2
;2020;Сливен;24;2
;2020;Сливен;28;7
;2020;Сливен;33;3
;2020;Сливен;34;1
;2024;Твърдица;2;6
;2024;Твърдица;8;5
;2024;Твърдица;9;2
;2024;Твърдица;22;2
;2024;Твърдица;26;2
;2102;Баните;2;5
;2102;Баните;14;1
;2102;Баните;22;2
;2102;Баните;25;5
;2105;Борино;2;3
;2105;Борино;7;4
;2105;Борино;23;2
;2105;Борино;24;2
;2109;Девин;2;6
;2109;Девин;7;4
;2109;Девин;14;2
;2109;Девин;24;5
;2110;Доспат;2;4
;2110;Доспат;7;4
;2110;Доспат;29;2
;2110;Доспат;32;3
;2111;Златоград;2;8
;2111;Златоград;26;9
;2116;Мадан;2;4
;2116;Мадан;7;5
;2116;Мадан;8;4
;2116;Мадан;22;3
;2116;Мадан;25;1
;2118;Неделино;2;3
;2118;Неделино;7;2
;2118;Неделино;8;1
;2118;Неделино;22;2
;2118;Неделино;26;2
;2118;Неделино;31;3
;2127;Рудозем;2;6
;2127;Рудозем;11;1
;2127;Рудозем;23;2
;2127;Рудозем;27;8
;2131;Смолян;2;12
;2131;Смолян;7;2
;2131;Смолян;8;10
;2131;Смолян;26;1
;2131;Смолян;27;2
;2131;Смолян;29;2
;2138;Чепеларе;2;5
;2138;Чепеларе;8;3
;2138;Чепеларе;17;3
;2138;Чепеларе;25;2
;2246;София;2;33
;2246;София;8;15
;2246;София;9;2
;2246;София;17;1
;2246;София;33;8
;2246;София;45;2
;2306;Божурище;2;3
;2306;Божурище;8;2
;2306;Божурище;23;6
;2306;Божурище;34;2
;2307;Ботевград;2;14
;2307;Ботевград;8;6
;2307;Ботевград;9;2
;2307;Ботевград;14;1
;2307;Ботевград;24;2
;2307;Ботевград;27;1
;2307;Ботевград;29;1
;2307;Ботевград;31;1
;2307;Ботевград;35;1
;2309;Годеч;2;4
;2309;Годеч;8;5
;2309;Годеч;22;3
;2309;Годеч;25;1
;2310;Горна Малина;2;4
;2310;Горна Малина;8;3
;2310;Горна Малина;24;1
;2310;Горна Малина;26;2
;2310;Горна Малина;27;2
;2310;Горна Малина;30;1
;2316;Драгоман;2;4
;2316;Драгоман;8;5
;2316;Драгоман;22;2
;2316;Драгоман;24;2
;2317;Елин Пелин;2;8
;2317;Елин Пелин;8;5
;2317;Елин Пелин;9;2
;2317;Елин Пелин;26;3
;2317;Елин Пелин;33;1
;2317;Елин Пелин;34;2
;2318;Етрополе;2;9
;2318;Етрополе;8;6
;2318;Етрополе;23;2
;2320;Ихтиман;2;5
;2320;Ихтиман;8;5
;2320;Ихтиман;22;2
;2320;Ихтиман;30;2
;2320;Ихтиман;31;3
;2324;Копривщица;2;3
;2324;Копривщица;8;2
;2324;Копривщица;22;2
;2324;Копривщица;23;1
;2324;Копривщица;24;2
;2324;Копривщица;25;1
;2325;Костенец;2;4
;2325;Костенец;8;3
;2325;Костенец;14;2
;2325;Костенец;22;2
;2325;Костенец;23;1
;2325;Костенец;25;1
;2325;Костенец;26;2
;2325;Костенец;27;2
;2326;Костинброд;2;8
;2326;Костинброд;8;4
;2326;Костинброд;25;2
;2326;Костинброд;28;1
;2326;Костинброд;29;2
;2334;Правец;2;5
;2334;Правец;6;2
;2334;Правец;8;6
;2339;Самоков;2;7
;2339;Самоков;8;7
;2339;Самоков;26;2
;2339;Самоков;27;2
;2339;Самоков;35;2
;2339;Самоков;38;4
;2339;Самоков;41;5
;2343;Своге;2;6
;2343;Своге;8;6
;2343;Своге;9;1
;2343;Своге;11;2
;2343;Своге;23;1
;2343;Своге;25;5
;2345;Сливница;2;6
;2345;Сливница;8;4
;2345;Сливница;26;3
;2347;Златица;2;3
;2347;Златица;8;5
;2347;Златица;23;2
;2347;Златица;25;3
;2354;Антон;2;1
;2354;Антон;8;6
;2354;Антон;22;4
;2355;Пирдоп;2;4
;2355;Пирдоп;27;2
;2355;Пирдоп;28;7
;2356;Мирково;2;4
;2356;Мирково;8;2
;2356;Мирково;22;5
;2357;Чавдар;2;1
;2357;Чавдар;8;10
;2358;Челопеч;2;2
;2358;Челопеч;8;2
;2358;Челопеч;14;2
;2358;Челопеч;23;5
;2359;Долна баня;2;9
;2359;Долна баня;8;1
;2359;Долна баня;22;1
;2404;Братя Даскалови;2;3
;2404;Братя Даскалови;8;6
;2404;Братя Даскалови;26;4
;2407;Гълъбово;2;5
;2407;Гълъбово;8;2
;2407;Гълъбово;14;8
;2407;Гълъбово;26;2
;2412;Казанлък;2;15
;2412;Казанлък;7;2
;2412;Казанлък;8;6
;2412;Казанлък;14;1
;2412;Казанлък;22;2
;2412;Казанлък;24;2
;2412;Казанлък;25;3
;2412;Казанлък;29;6
;2422;Мъглиж;2;5
;2422;Мъглиж;8;3
;2422;Мъглиж;22;2
;2422;Мъглиж;25;3
;2422;Мъглиж;26;1
;2422;Мъглиж;33;3
;2423;Опан;8;6
;2423;Опан;22;4
;2423;Опан;23;1
;2424;Павел баня;2;3
;2424;Павел баня;7;4
;2424;Павел баня;22;5
;2424;Павел баня;28;2
;2424;Павел баня;42;3
;2427;Раднево;2;5
;2427;Раднево;8;4
;2427;Раднево;25;3
;2427;Раднево;30;1
;2427;Раднево;32;2
;2427;Раднево;33;2
;2427;Раднево;43;2
;2427;Раднево;44;2
;2431;Стара Загора;2;23
;2431;Стара Загора;6;1
;2431;Стара Загора;7;1
;2431;Стара Загора;9;3
;2431;Стара Загора;14;2
;2431;Стара Загора;17;2
;2431;Стара Загора;23;1
;2431;Стара Загора;30;3
;2431;Стара Загора;43;2
;2431;Стара Загора;48;2
;2431;Стара Загора;54;2
;2431;Стара Загора;57;9
;2436;Чирпан;2;7
;2436;Чирпан;8;8
;2436;Чирпан;29;6
;2437;Гурково;2;2
;2437;Гурково;7;1
;2437;Гурково;8;6
;2437;Гурково;14;1
;2437;Гурково;26;1
;2437;Гурково;27;2
;2438;Николаево;2;3
;2438;Николаево;7;2
;2438;Николаево;8;4
;2438;Николаево;26;2
;2438;Николаево;28;2
;2502;Антоново;2;3
;2502;Антоново;5;1
;2502;Антоново;7;7
;2502;Антоново;8;2
;2522;Омуртаг;2;4
;2522;Омуртаг;7;22
;2522;Омуртаг;8;2
;2522;Омуртаг;22;1
;2523;Опака;2;5
;2523;Опака;7;7
;2523;Опака;22;1
;2524;Попово;2;8
;2524;Попово;7;3
;2524;Попово;8;3
;2524;Попово;14;3
;2524;Попово;23;2
;2524;Попово;37;1
;2524;Попово;38;9
;2535;Търговище;2;8
;2535;Търговище;5;1
;2535;Търговище;7;10
;2535;Търговище;8;9
;2535;Търговище;34;5
;2609;Димитровград;2;11
;2609;Димитровград;5;4
;2609;Димитровград;8;6
;2609;Димитровград;23;9
;2609;Димитровград;33;1
;2609;Димитровград;37;2
;2611;Ивайловград;2;4
;2611;Ивайловград;7;2
;2611;Ивайловград;23;4
;2611;Ивайловград;24;3
;2617;Любимец;2;9
;2617;Любимец;26;2
;2617;Любимец;32;6
;2618;Маджарово;2;4
;2618;Маджарово;7;4
;2618;Маджарово;23;2
;2618;Маджарово;24;1
;2619;Минерални бани;2;3
;2619;Минерални бани;7;8
;2619;Минерални бани;23;2
;2628;Свиленград;2;7
;2628;Свиленград;7;1
;2628;Свиленград;14;2
;2628;Свиленград;23;2
;2628;Свиленград;26;3
;2628;Свиленград;28;4
;2628;Свиленград;33;2
;2629;Симеоновград;2;4
;2629;Симеоновград;8;3
;2629;Симеоновград;11;4
;2629;Симеоновград;27;2
;2630;Стамболово;2;2
;2630;Стамболово;7;12
;2630;Стамболово;8;2
;2630;Стамболово;22;1
;2632;Тополовград;2;3
;2632;Тополовград;5;4
;2632;Тополовград;8;3
;2632;Тополовград;14;3
;2632;Тополовград;23;4
;2633;Харманли;2;6
;2633;Харманли;7;2
;2633;Харманли;8;10
;2633;Харманли;14;1
;2633;Харманли;32;2
;2634;Хасково;2;9
;2634;Хасково;7;6
;2634;Хасково;11;3
;2634;Хасково;24;4
;2634;Хасково;29;13
;2634;Хасково;32;1
;2634;Хасково;33;3
;2634;Хасково;35;2
;2707;Венец;2;1
;2707;Венец;7;16
;2710;Върбица;2;2
;2710;Върбица;7;7
;2710;Върбица;8;2
;2710;Върбица;25;2
;2710;Върбица;26;4
;2711;Хитрино;2;4
;2711;Хитрино;7;12
;2711;Хитрино;8;1
;2718;Каолиново;2;3
;2718;Каолиново;7;12
;2718;Каолиново;8;2
;2718;Каолиново;23;1
;2718;Каолиново;26;3
;2719;Каспичан;2;6
;2719;Каспичан;8;5
;2719;Каспичан;33;2
;2721;Никола Козлево;2;2
;2721;Никола Козлево;7;7
;2721;Никола Козлево;8;1
;2721;Никола Козлево;14;1
;2721;Никола Козлево;25;2
;2722;Нови пазар;2;3
Ж;2722;Нови пазар;7;5
;2722;Нови пазар;8;4
;2722;Нови пазар;14;3
;2722;Нови пазар;23;6
;2723;Велики Преслав;2;4
;2723;Велики Преслав;7;3
;2723;Велики Преслав;8;4
;2723;Велики Преслав;24;2
;2723;Велики Преслав;25;2
;2723;Велики Преслав;29;2
;2725;Смядово;2;5
;2725;Смядово;8;2
;2725;Смядово;14;3
;2725;Смядово;23;3
;2730;Шумен;2;16
;2730;Шумен;7;4
;2730;Шумен;8;16
;2730;Шумен;9;2
;2730;Шумен;38;2
;2730;Шумен;41;1
;2803;Болярово;2;2
;2803;Болярово;8;9
;2807;Елхово;2;10
;2807;Елхово;8;5
;2807;Елхово;29;2
;2822;Стралджа;2;5
;2822;Стралджа;8;9
;2822;Стралджа;23;2
;2822;Стралджа;27;1
;2825;Тунджа;2;7
;2825;Тунджа;8;10
;2825;Тунджа;14;1
;2825;Тунджа;23;1
;2825;Тунджа;41;2
;2826;Ямбол;2;17
;2826;Ямбол;6;2
;2826;Ямбол;7;1
;2826;Ямбол;8;8
;2826;Ямбол;23;1
;2826;Ямбол;26;4
;2826;Ямбол;28;2
;2826;Ямбол;37;2
