010300102;78464;4;229;2;28;187;1
010300115;7377;10;86;0;26;82;0
010300121;27231;10;38;1;34;61;1
011300004;16763;2;234;5;9;462;8
011300005;20331;1;447;14;2;319;10
011300006;20331;1;461;0;2;365;0
011300007;22616;2;425;40;4;300;17
011300008;24267;2;210;0;6;315;0
011300009;24267;2;261;2;6;211;2
011300011;40138;2;85;1;9;93;1
011300021;77222;1;249;0;9;249;0
012800007;22068;7;235;1;8;206;0
013300038;72744;6;293;0;16;171;0
013300041;47189;6;121;0;16;210;0
013300042;47189;6;106;0;16;256;3
013300043;39935;16;45;0;26;47;0
013300046;58390;6;224;0;23;190;0
013300047;40539;14;122;0;26;139;0
013300048;40539;14;94;1;26;103;1
013300050;47247;16;81;0;26;130;0
013300052;40912;6;342;9;7;267;5
013300053;40912;6;272;0;7;212;0
013300054;49312;15;148;2;25;180;2
013300055;49312;15;146;10;25;168;10
013300057;48578;6;201;6;23;183;2
013300058;48578;6;145;0;23;229;0
013300059;62623;6;27;3;16;70;2
013300060;59077;16;207;0;25;190;0
013300061;59077;16;178;1;25;223;1
013300062;59077;16;227;0;25;148;1
013300063;59077;16;144;0;25;214;0
013300064;59077;16;165;0;25;252;0
013300069;47799;6;38;0;10;37;0
013300076;69941;6;122;2;10;135;2
013300086;37989;10;158;0;15;237;0
013300087;37989;10;190;4;15;216;4
013300088;37989;10;153;0;15;233;0
013300092;37349;6;175;3;16;132;2
013300093;37349;6;162;0;16;101;0
013300094;66901;6;126;0;16;179;0
013300095;66901;6;125;2;16;150;1
013300096;14091;10;277;0;16;231;0
013700017;2960;1;145;0;3;349;0
013700018;2960;1;133;0;3;330;0
013700019;15326;1;141;0;3;228;0
013700020;2693;1;362;1;3;205;0
013700021;2693;1;323;0;3;267;0
013700022;2693;1;228;8;3;247;3
013700024;16754;3;372;0;8;263;0
013700025;21748;3;211;0;8;185;0
013700026;27293;1;200;1;3;247;2
013700027;27293;1;153;0;3;215;0
014000037;69938;5;235;0;12;159;0
014000038;43181;5;163;4;9;125;0
014000042;57176;12;154;0;15;205;0
014000043;57176;12;133;0;15;163;0
014000044;20780;12;214;10;22;251;11
014000045;43565;5;264;1;12;254;2
014000054;68223;4;57;0;16;52;0
014000060;43243;5;268;0;22;210;0
014000068;36693;12;99;4;15;77;1
014000069;36693;12;95;0;15;116;0
014000070;36693;12;160;0;15;185;0
014000073;56174;9;127;1;15;87;2
014000074;56174;9;94;0;15;92;0
014000076;35362;15;109;2;22;64;2
014200004;12499;4;253;0;10;190;0
014200005;12499;4;323;0;10;165;0
014200006;12499;4;248;2;10;245;0
014200010;39089;4;222;0;5;258;0
014200011;39089;4;216;0;5;299;0
014200012;39089;4;269;0;5;279;0
014900004;49686;5;160;0;11;75;0
014900005;49686;5;126;2;11;50;0
014900006;49686;5;230;16;11;19;0
014900007;49686;5;260;4;11;17;0
014900008;32665;5;76;0;11;64;2
014900009;32665;5;90;0;11;64;0
014900010;32665;5;113;0;11;51;0
014900011;23532;3;70;0;9;29;0
014900013;32322;9;117;0;13;95;1
015200004;4399;4;190;2;8;198;4
015200005;56109;5;65;0;8;71;0
015200006;72268;5;122;0;8;210;0
015200011;38532;5;237;0;9;256;0
015200012;38532;5;151;1;9;224;5
015200019;52101;1;139;2;8;203;2
020100034;36381;2;137;1;10;162;1
020100043;81640;4;125;0;9;191;0
020100046;72727;4;139;1;10;155;0
020100050;72727;4;156;1;10;164;0
020400270;61145;5;185;2;24;121;2
020400271;61145;5;127;3;24;263;4
020600022;24712;4;59;0;9;205;0
020800007;11096;9;117;0;13;238;0
020800011;43623;8;100;4;9;73;4
020800012;52279;6;100;0;13;141;0
020800013;57337;9;90;2;13;142;0
020800017;73388;2;165;0;8;126;0
020900028;32809;7;138;0;15;99;0
020900035;20417;7;52;0;9;58;0
020900042;67920;6;181;0;15;158;1
020900046;37201;10;266;1;16;165;1
020900051;2765;1;95;0;9;90;1
020900056;40021;7;118;1;15;97;2
021300012;878;1;236;2;7;137;1
021300013;878;1;189;0;7;199;0
021500014;2703;3;51;2;8;92;1
021700014;35033;8;101;0;9;222;6
021700015;35033;8;82;2;9;144;3
021700016;35033;8;165;0;9;160;0
021700017;35033;8;171;0;9;146;0
021700041;37753;9;78;0;15;81;0
021700042;16064;3;5;1;16;22;0
021700043;16064;3;232;1;16;197;1
021700047;38769;1;58;0;10;94;0
021800027;58640;9;195;5;10;226;2
021800028;58640;9;163;0;10;304;0
021800029;61666;4;234;1;9;303;1
022100015;32737;1;123;0;11;125;3
022300017;37215;3;116;0;9;118;0
022300019;44029;7;242;3;9;263;0
022300022;56959;7;152;7;11;140;7
022300023;58325;8;107;1;9;262;3
022300024;65111;5;49;0;9;61;0
022300025;67115;6;208;0;9;191;0
022300030;81582;3;163;0;5;162;0
022700006;87655;8;281;1;11;246;2
022700007;87655;8;20;0;11;8;1
022700008;37023;5;333;0;11;326;5
030100005;24400;1;136;1;8;165;2
030100006;24400;1;296;13;8;111;6
030100012;61128;1;71;0;6;76;0
030100014;66490;1;278;0;8;263;0
030200009;12406;4;297;3;5;199;3
030200012;32278;3;7;0;5;195;0
030200013;32278;3;7;0;5;208;5
030200014;32278;3;4;0;5;151;0
030200015;32278;3;7;2;5;72;0
030200016;32278;3;4;0;5;61;0
030200027;11702;5;70;0;15;84;0
030200031;44519;4;404;2;5;380;1
030400013;27125;6;236;0;8;109;0
030400014;27125;6;197;1;8;204;0
030600378;72709;19;119;0;40;233;0
030600379;72709;19;112;0;40;140;0
030600380;72709;19;191;0;40;146;0
030600381;72709;19;142;0;40;190;0
030600399;72709;19;8;0;40;20;0
030800003;48653;3;122;0;4;107;0
030800005;3602;6;255;0;9;144;0
030800006;3602;6;153;3;9;202;1
030800008;21645;4;123;1;6;115;1
030800009;21645;4;154;2;6;142;1
030900006;84022;10;98;0;15;80;0
030900010;35506;4;93;0;7;79;1
030900011;27629;5;113;0;10;84;0
030900013;21717;6;83;6;10;144;2
030900016;5978;4;86;0;10;66;0
030900021;14670;5;100;3;10;41;3
030900022;32442;5;88;0;10;52;0
030900023;61265;5;77;0;10;92;0
031300011;16050;3;150;0;6;156;0
031300012;16050;3;315;0;6;99;0
031300013;17912;1;109;1;6;226;2
031300014;17912;1;201;1;6;193;0
031300015;17912;1;81;0;6;285;0
031300018;68028;3;126;0;6;50;0
031300022;20701;5;177;4;6;208;2
031300023;68998;1;161;0;8;226;0
031300024;68998;1;145;0;8;201;0
031300025;68998;1;214;1;8;203;1
031300027;83404;1;181;5;6;227;0
031300028;63197;1;136;0;6;155;0
031600008;789;3;289;0;8;114;0
031600020;47620;4;201;0;6;223;0
031600021;47620;4;216;0;6;252;0
031600023;78519;2;227;0;4;153;0
031600024;78519;2;177;0;4;45;0
031600025;78519;2;154;0;4;197;4
031600026;78519;2;179;0;4;199;0
032400020;7507;14;35;0;15;49;0
032400025;61073;4;53;0;15;71;0
032400026;39829;6;85;0;15;123;0
032400032;4457;2;260;12;6;153;13
032400033;4457;2;52;0;6;241;0
032400037;29458;8;200;7;9;158;3
032400038;46975;7;156;0;9;162;0
032400040;31005;9;110;1;15;77;0
032400041;10663;8;92;0;15;69;0
032400045;4457;2;0;0;6;18;0
032600006;80861;2;128;1;3;179;0
032600007;80861;2;232;1;3;188;1
032600013;51584;3;152;1;10;210;1
040400095;20242;5;175;2;8;180;0
040400097;21244;5;89;0;8;74;0
040400106;65200;8;124;0;12;80;0;17;80;0
040400107;65200;8;111;2;12;55;0;17;67;0
040400108;65200;8;103;0;12;69;2;17;75;2
040400111;43253;7;192;0;12;291;7
040400116;2364;5;173;0;18;113;0
040400121;20242;5;79;0;8;193;0
040400122;20242;5;94;0;8;242;0
040400123;20242;5;84;0;8;209;0
040400124;20242;5;80;1;8;240;1
040400130;36837;5;147;0;8;202;1
040400131;36837;5;118;0;8;167;3
040400132;36837;5;115;1;8;122;4
040600066;40172;1;170;1;5;167;1
040600067;22232;1;166;0;5;117;0
040600068;22232;1;180;0;5;107;0
040600069;22232;1;191;0;5;155;0
040600070;22232;1;137;0;5;198;0
040600072;12735;1;153;0;11;62;0
040600073;12735;1;70;0;11;167;0
040600074;23100;1;254;1;12;103;9
040600075;23100;1;205;3;12;135;0
040600076;23100;1;189;3;12;116;3
041300017;35729;3;58;0;10;87;0
041300020;46125;3;328;0;5;160;0
041400010;62431;1;56;1;7;19;0
042000017;21453;5;174;0;6;97;0
042000018;21453;5;142;0;6;143;0
042200027;12783;5;176;0;14;223;0
042200028;12783;5;94;0;14;149;0
042200029;16290;6;164;1;14;163;0
042200030;22160;6;146;1;14;223;4
042200033;36289;6;147;1;14;199;4
042200034;36289;6;112;1;14;164;4
042200038;51295;6;131;4;14;115;3
042200039;51295;6;156;4;14;168;1
042200041;55573;6;126;4;14;218;8
042600006;61279;5;180;2;18;238;2
042600007;61279;5;234;0;18;155;0
042600012;53014;12;189;2;16;133;2
042600014;57340;2;213;5;7;152;5
042600017;69732;2;240;0;5;232;0
042800041;237;9;162;2;11;247;2
042800047;7363;5;155;0;11;210;0
042800048;7363;5;149;0;11;219;1
042800053;16393;9;154;0;11;150;0
042800073;53672;4;216;4;11;284;9
042800074;53672;4;199;0;11;229;0
042800080;77013;4;236;0;11;216;0
042800086;80457;9;76;0;10;113;0
043100006;730;5;195;0;6;143;0
043100009;4282;5;100;0;7;108;0
043100010;11140;4;155;0;6;166;0
043100011;11466;4;78;2;6;72;2
043100012;17155;6;123;1;7;98;0
043100013;35657;6;222;1;7;166;0
043100014;35657;6;294;0;7;168;0
043100019;44046;5;123;0;7;98;0
043100030;80203;6;183;2;7;186;4
050100009;5582;3;64;0;7;25;1
050100011;61011;3;120;0;7;58;0
050100014;68655;5;88;5;9;52;4
050300005;61039;1;154;0;5;106;1
050600007;18304;3;214;3;4;189;2
050600008;12317;3;128;2;4;109;0
050600015;18304;3;2;0;4;11;0
050600018;12317;3;2;0;4;7;0
050900076;52283;10;179;0;16;165;0
050900083;23786;4;56;0;16;88;0
050900090;63358;4;40;0;16;59;0
050900091;46111;10;98;0;11;104;0
050900095;57131;4;169;3;16;180;1
050900096;57131;4;139;1;16;197;1
050900097;15998;10;137;0;16;71;0
050900098;15998;10;87;0;16;119;0
050900099;919;9;199;0;10;129;0
050900101;41263;4;85;3;10;139;2
050900102;41263;4;132;8;10;98;0
050900103;67194;11;237;3;16;107;0
050900112;29043;4;39;0;10;83;2
050900118;6954;4;157;3;9;196;4
051600014;47648;8;49;0;9;62;3
051600015;14489;1;197;2;9;109;1
051600016;14489;1;119;2;9;112;2
051600017;14489;1;2;0;9;14;0
051600020;66278;7;52;0;9;52;0
051600021;672;5;73;0;7;480;0
051600022;672;5;330;5;7;92;1
051600023;672;5;33;0;7;336;7
053000007;87583;4;135;0;7;64;0
053300006;23672;1;198;0;8;192;0
053300007;23672;1;310;0;8;120;0
053300009;3678;5;272;0;8;254;0
053300010;21193;1;31;1;6;13;0;8;30;0
053700004;73612;6;58;0;8;35;0
053700009;22424;1;56;0;8;87;0
060500004;46810;4;123;1;6;155;1
060500005;46810;4;146;3;6;144;3
060500006;46810;4;158;2;6;289;1
060500007;21600;2;203;0;6;139;0
060500008;21600;2;168;0;6;157;0
060800021;7418;2;277;0;6;141;0
060800022;7538;2;294;0;4;148;1
060800023;12214;4;150;0;7;111;0
060800024;14012;2;320;0;7;255;0
060800029;38128;2;87;0;16;96;0
060800030;57594;2;319;1;11;292;5
060800031;57594;2;247;0;11;196;0
060800033;72521;2;148;0;11;134;0
060800037;73660;11;186;0;12;201;0
060800038;73660;11;155;0;12;273;0
060800039;57594;2;16;0;11;19;0
061000081;80311;10;161;3;14;196;1
061000083;38875;10;247;4;14;266;4
061000084;10789;1;80;0;25;51;0
061000086;72504;10;96;0;14;208;0
061000090;2590;1;176;3;15;140;2
061000091;2590;1;215;7;15;156;5
061000094;30606;14;239;2;22;146;0
061000095;30606;14;280;0;22;181;0
061000098;11555;10;164;0;14;168;0
061000099;43712;8;172;2;10;190;4
061000100;43712;8;109;2;10;125;2
061000103;73119;1;195;10;25;217;15
061000104;44728;14;72;0;15;64;0
061000105;12749;14;107;0;30;156;0
062100006;5894;1;96;0;7;101;0
062100007;14390;7;161;4;17;256;1
062100008;15014;1;100;1;11;61;1
062100009;15494;1;156;0;11;109;0
062100010;17453;1;196;0;7;125;0
062100014;54064;6;104;0;11;131;0
062100015;58788;10;228;3;11;213;1
062100018;76193;6;121;1;12;130;0
062700015;4827;5;211;1;15;172;1
062700016;6598;15;145;0;18;152;0
062700019;16256;5;176;0;18;121;0
062700023;30510;5;197;0;15;272;0
062700024;30510;5;268;3;15;237;1
062700026;32281;5;156;1;22;191;2
062700027;39483;5;181;0;18;179;0
062700030;43654;15;165;0;18;167;0
062700037;63450;5;133;0;15;155;0
062700038;62390;15;111;0;22;101;1
062700040;72432;16;191;0;28;154;0
062800009;68148;9;183;0;10;206;1
062800010;68148;9;220;0;10;197;0
063100018;54386;3;39;0;10;67;0
063100019;54386;3;122;2;10;93;3
063100020;54386;3;144;1;10;102;1
063100021;54386;3;57;0;10;57;0
063100022;16451;2;132;0;3;90;0
063100024;43400;3;256;4;7;168;3
063200007;35910;6;246;0;19;230;0
063200014;69554;8;60;0;14;73;0
063500007;7497;5;81;0;14;118;1
063500008;62815;9;106;2;13;248;2;14;218;3
071200015;12677;6;238;0;16;150;0
071200019;17350;3;106;0;6;106;1
072900032;2885;3;167;0;15;172;0
072900036;7082;15;76;0;19;81;0
072900037;17542;3;38;0;19;61;0
072900038;16376;3;159;0;15;183;0
072900039;17587;5;125;1;18;156;0
072900040;17587;5;160;0;18;128;0
072900042;21628;15;148;0;19;114;0
072900043;24178;3;94;3;15;112;2
072900044;24178;3;107;0;15;67;0
072900045;32336;15;26;1;19;27;1
072900047;38652;7;166;0;18;134;0
072900048;39431;15;119;0;19;138;1
072900052;43966;4;90;0;15;75;0
072900061;69417;3;90;0;19;78;0
072900062;69451;3;71;2;15;88;4
072900063;66216;11;163;3;15;244;3
072900068;77253;3;81;2;19;40;0
072900069;83497;18;183;1;19;131;2
073500012;56719;6;116;2;8;102;2
073500013;56719;6;196;1;8;101;1
073500014;56719;6;178;0;8;146;0
080300016;3174;9;117;2;10;93;0
080300019;23769;9;95;0;16;92;0
080300021;31245;7;72;0;10;157;0
080300026;53120;7;226;1;17;252;2
080300027;53120;7;273;6;17;355;9
080300030;66250;9;285;0;16;66;0
080300032;67951;9;266;0;16;224;0
080300034;73095;11;36;1;20;40;0
080300036;78639;9;130;0;17;89;0
081200015;18575;1;28;1;5;16;1
081200020;32467;1;50;0;5;30;0
081200021;32467;1;18;1;5;29;1
081200022;32467;1;24;0;5;39;0
081200023;34045;3;104;2;7;51;1
081200025;36467;1;97;0;5;110;0
081200026;36467;1;92;1;5;110;0
081200029;40885;3;64;0;7;70;0
081200030;44714;1;177;0;7;40;0
081200031;46351;1;66;0;5;68;0
081200032;56040;5;75;0;7;69;0
081200033;56509;3;13;0;5;27;1;7;15;0
081200035;58181;5;87;0;8;70;3
081200038;61159;1;63;0;3;46;0
081200039;62829;5;41;0;8;36;0
081200041;63094;4;114;0;5;95;0
081200044;67773;3;64;0;10;36;0
081200049;81219;4;46;3;5;87;2
081500003;2871;3;178;0;12;174;0
081500007;4580;5;58;1;12;39;1
081500011;11421;2;92;1;3;98;1
081500020;21957;10;50;0;12;63;0
081500021;22988;2;239;0;3;172;0
081500036;47901;3;72;0;12;77;0
081500038;53210;2;184;0;12;146;0
081500041;53597;3;40;0;12;34;1
081500044;56695;5;119;1;12;207;0
081500046;57279;3;67;0;12;35;0
081500054;66946;2;32;2;12;57;2
081500055;70812;3;64;0;12;45;0
081500060;69300;2;171;0;3;271;6
081500061;69300;2;127;0;3;172;0
081500066;78152;3;113;2;12;125;2
081500067;80769;1;99;0;12;126;0
081700018;7257;6;162;0;15;162;0
081700019;7257;6;127;0;15;175;0
082000017;36138;2;29;0;5;33;0
082700010;3215;4;251;5;10;481;5
082700012;5342;2;32;0;4;36;0
082700013;14982;2;24;0;4;56;0
082700017;31396;1;213;0;4;197;0
082700018;31396;1;237;0;4;200;0
082700019;35050;3;129;0;10;202;0
082700020;37157;3;47;0;10;54;0
082700022;39127;9;73;0;10;97;0
082900005;10032;1;43;1;12;46;0
082900009;24102;6;108;0;12;114;0
090200020;29605;4;348;0;5;262;0
090200037;29605;4;33;0;5;18;0
090200044;47809;4;4;0;8;9;0
091400011;80090;3;220;11;9;125;1
091400012;80090;3;256;11;9;245;6
091400052;65228;3;52;0;9;52;0
091500057;93;3;131;0;5;133;0
091500059;46872;4;115;0;5;130;0
091500064;81027;1;115;0;5;115;0
091600096;3499;4;146;4;9;73;1
091600105;81462;4;94;0;10;110;0
092100053;72134;4;42;0;5;20;0
100400009;48711;1;253;1;6;202;1
100400010;46824;1;134;7;10;71;1
100400011;15535;1;160;0;10;178;0
100400014;2049;1;87;0;10;92;2
100500004;75174;9;135;2;11;130;0
100500005;4314;7;181;7;8;136;5
102700005;2748;9;141;0;11;166;0
102700006;69261;11;119;0;14;92;0
102700007;69261;11;126;1;14;98;3
102700008;57830;6;94;1;7;179;3
102900061;67790;9;198;3;15;185;1
102900084;3962;9;70;0;15;33;0
102900086;73691;3;41;12;15;38;5
102900089;14917;9;26;0;15;72;0
102900101;66891;8;56;2;15;65;2
103100001;10050;2;184;0;9;112;0
103100017;62284;2;76;0;9;20;0
104100007;53254;8;289;1;14;373;7
104800050;20763;18;185;0;19;167;0
104800051;20763;18;191;0;19;193;0
104800053;65245;17;174;0;22;180;0
104800054;65245;17;238;1;22;230;2
104800056;4354;18;54;0;21;55;0
104800057;87727;18;140;0;19;189;0
104800058;87727;18;176;2;19;141;2
104800059;87727;18;197;1;19;151;0
104800061;55230;18;44;0;19;46;0
104800063;24791;1;101;1;18;100;0
104800066;72758;18;40;2;19;48;1
104800067;80491;5;139;4;7;92;4
104800068;80491;5;115;0;7;168;0
104800069;39339;7;172;0;18;126;0
104800070;39339;7;223;0;18;116;0
104800071;39339;7;127;0;18;79;0
111700006;17244;10;139;4;12;193;4
111700007;40261;7;101;0;12;149;0
111800041;75112;6;143;0;12;124;0
111800044;43829;4;198;14;12;271;17
111800046;67060;6;232;0;12;213;0
111800048;69523;6;219;0;12;221;0
111800063;77311;6;55;0;12;146;0
111800071;299;6;67;3;12;285;1
111800072;299;6;50;1;12;202;12
111800074;11452;12;115;0;13;134;0
111800076;21823;6;208;1;12;397;1
111800080;34093;1;138;1;6;108;1
111800107;75112;6;4;0;12;8;0
111900011;36511;11;170;0;17;174;1
111900016;24236;3;39;2;12;27;2;16;25;1
111900020;20688;16;168;1;17;147;1
111900021;20688;16;160;1;17;135;1
111900022;20688;16;165;0;17;197;0
111900023;85010;10;140;1;17;297;1
111900024;3143;7;208;3;17;140;4
111900025;3143;7;231;9;17;107;0
113300004;10272;2;96;0;3;99;0
113300008;15148;3;244;0;6;209;0
113300009;15148;3;250;0;6;303;0
113300010;15165;6;108;1;12;409;5
113300012;15165;6;9;0;12;32;0
113300014;15758;3;172;3;10;119;3
113300015;15758;3;39;0;10;20;0
113300016;17419;6;152;0;12;260;0
113300017;17419;6;298;0;12;327;0
113300038;80902;3;161;0;12;125;0
113300040;80902;3;71;0;12;50;0
113300043;17419;6;4;0;12;6;0
113300044;80902;3;10;0;12;3;0
113400032;2448;3;83;0;11;57;0
113400039;81476;6;116;0;11;111;0
113400044;3486;3;73;0;12;141;1
113400045;3486;3;52;0;12;125;1
113400046;83212;3;31;0;12;21;0
113400048;83212;3;192;0;12;172;0
113400050;53707;8;242;3;12;215;2
113400051;53707;8;318;0;12;148;0
113400063;44241;10;77;0;11;99;4
113400065;5445;3;283;1;10;250;1
113400066;70500;3;60;0;12;68;0
113400067;15703;3;233;3;12;197;1
113600005;36662;2;143;0;9;146;0
113600009;36943;5;288;0;8;384;0
113800006;2909;2;42;3;8;48;4
113800009;21381;9;117;0;10;190;0
120200022;47723;3;76;2;8;48;0
120200030;39044;3;40;0;11;53;0
120200036;7510;1;209;0;8;178;4
120200037;7510;1;216;0;8;189;0
120200038;5654;3;243;1;8;196;4
120200039;30301;1;180;4;3;138;3
120200040;30301;1;169;0;3;123;0
120400004;11418;8;83;0;14;107;0;16;182;0
120400005;11418;8;77;0;14;138;3;16;167;2
120400007;46036;7;198;0;16;304;0
120400009;54496;12;165;3;16;194;17
120400010;57844;14;162;9;16;124;13
120400013;3397;10;105;1;16;74;3
120400014;43517;12;119;0;16;138;0
120400015;43517;12;120;0;16;212;0
120400016;43517;12;96;0;16;215;0
120400017;17943;7;229;0;16;254;0
120400018;37424;12;144;0;16;114;0
120400019;11418;8;5;0;14;1;0;16;32;0
120700003;67564;2;190;2;4;77;4
120700007;39743;2;151;1;3;248;1
120700008;39743;2;95;1;3;160;0
120700012;6971;2;55;0;11;55;0
120700016;39743;2;4;0;3;8;0
121100007;80933;3;138;0;8;106;0
121100008;16184;3;120;0;8;226;0
121100009;16184;3;48;0;8;199;0
121100014;61707;1;80;3;6;19;1
121100015;61707;1;140;0;6;51;0
121100018;32295;3;76;0;5;92;3
121200016;23073;3;84;0;8;71;0
121400007;24534;8;46;0;11;76;0
121400009;35871;3;66;0;6;57;0
122400035;22695;9;94;3;12;67;1
122400038;72940;2;128;1;9;83;2
122400039;72940;2;142;1;9;224;1
122400045;37544;8;127;0;9;237;0
122400046;37544;8;125;0;9;181;0
122400047;68758;2;95;0;9;108;0
122400053;37544;8;8;0;9;7;0
122400055;72940;2;3;0;9;11;0
122600006;62222;6;167;3;8;161;2
122600007;62222;6;169;2;8;154;7
122900057;3201;1;74;4;11;121;3
122900059;3736;1;236;0;18;150;0
122900064;14180;1;321;0;19;219;0
122900067;21840;1;263;0;18;166;0
122900069;22250;1;88;0;8;91;0
122900071;39503;1;159;0;4;160;0
122900072;43730;1;181;0;4;164;0
122900076;70024;1;243;0;19;184;0
122900078;70233;1;105;10;18;113;2
122900083;39503;1;6;0;4;5;0
123600005;29115;3;111;1;6;106;1
123600006;58116;5;146;4;6;201;1
123600007;16300;3;92;0;6;93;0
123600009;3469;5;65;0;7;98;0
123800005;24551;1;183;0;7;125;0
123800006;24551;1;139;0;7;89;0
123800008;38159;3;158;0;7;141;0
123800009;38159;3;102;1;7;191;4
130400005;15802;4;158;0;9;211;0
130400006;47812;4;277;6;9;248;2
130400007;24414;4;104;1;9;159;1
130400011;14163;4;198;0;9;135;0
130600008;62973;2;105;0;9;208;0
130600009;7586;2;193;2;9;191;0
130600010;7586;2;207;3;9;223;2
130600014;37705;9;103;1;13;212;1
130600015;37705;9;108;1;13;172;4
130800023;12334;8;109;0;11;85;0;16;30;0
130800043;65534;5;295;0;8;279;0
130800044;65534;5;273;0;8;199;0
130800045;83421;8;88;0;11;91;0
130800051;7836;11;145;0;15;126;0
130800057;18513;6;0;0;8;59;0;11;62;0
131400003;21172;1;287;0;7;302;0
131900157;10505;9;234;1;13;318;1
131900184;65468;8;83;0;10;109;0
131900188;78570;5;99;2;8;165;2
131900194;72713;8;104;1;21;53;0
131900196;78056;8;112;0;12;154;0
131900202;78570;5;114;4;8;189;2
132000028;27406;2;252;0;3;183;0
132100026;61371;3;273;0;10;291;0
132100027;61371;3;244;1;10;223;0
132400009;38844;10;161;0;12;377;0
132400010;38844;10;249;2;12;330;8
132400011;38844;10;377;0;12;342;0
132400012;38844;10;302;0;12;294;0
132400013;23008;6;250;0;10;273;0
132400014;23008;6;275;0;10;270;0
132400015;23008;6;194;2;10;325;3
132900010;10104;4;283;1;9;355;3
132900011;10104;4;475;0;9;195;0
132900022;37491;9;498;2;10;150;0
132900023;37491;9;79;1;10;566;12
132900024;36172;6;127;0;16;237;1
132900025;36172;6;161;1;16;224;2
132900029;66439;6;227;1;9;290;1
140800015;3099;9;46;0;15;69;0
140800020;39150;15;98;0;17;60;1
140800023;52324;12;137;0;15;166;0
140800026;67163;1;116;1;15;83;2
143200001;99997;5;54;0;14;67;0
143200002;99997;5;57;0;14;86;0
143200003;99997;5;112;1;14;108;3
143200004;99997;5;57;0;14;71;1
143200005;99997;5;65;0;14;74;0
143200006;99997;5;59;0;14;68;0
143200007;99997;5;63;0;14;75;2
143200008;99997;5;61;0;14;75;2
143200009;99997;5;57;0;14;122;0
143200010;99997;5;96;0;14;127;0
143200011;99997;5;64;0;14;97;0
143200012;99997;5;77;0;14;92;0
143200013;99997;5;83;0;14;109;0
143200014;99997;5;51;0;14;75;0
143200015;99997;5;34;0;14;79;0
143200016;99997;5;39;0;14;76;0
143200017;99997;5;58;0;14;82;0
143200018;99997;5;77;0;14;119;0
143200019;99997;5;66;0;14;113;0
143200020;99997;5;42;0;14;96;0
143200021;99997;5;25;0;14;60;0
143200022;99997;5;50;0;14;61;0
143200023;99997;5;50;0;14;90;0
143200024;99997;5;37;0;14;102;0
143200025;99997;5;47;0;14;80;0
143200026;99997;5;41;0;14;89;0
143200027;99997;5;55;0;14;86;2
143200028;99997;5;51;0;14;88;0
143200029;99997;5;25;0;14;60;0
143200030;99997;5;19;0;14;59;0
143200031;99997;5;51;0;14;98;0
143200032;99997;5;48;0;14;78;0
143200033;99997;5;90;0;14;114;0
143200034;99997;5;60;0;14;127;0
143200036;23251;14;171;1;16;153;0
143200037;23251;14;171;0;16;145;0
143200038;23251;14;246;0;16;104;0
143200046;70038;13;208;1;16;310;2
143200047;70038;13;219;0;16;174;0
143200050;37174;14;371;0;23;211;0
143200102;99996;4;93;0;14;131;0
143200103;99996;4;141;0;14;203;0
143200123;62219;14;134;0;16;137;0
143200126;72223;5;172;0;14;163;0
143200127;72223;5;196;0;14;190;0
143200128;72223;5;164;0;14;223;0
143200129;81952;5;101;0;14;91;0
143200131;87480;4;159;0;5;145;2
143200132;87480;4;227;0;5;156;0
143200138;87480;4;6;0;5;15;0
143600019;23649;8;63;2;16;78;0
143600020;23649;8;141;0;16;56;0
143600021;23649;8;53;0;16;83;0
143600025;24832;2;135;1;16;212;0
143600026;69064;9;55;0;16;55;0
143600027;11404;9;33;1;16;71;1
143600036;41232;16;72;0;18;62;0
143600041;20256;6;50;0;9;64;0
143600053;24832;2;7;0;16;10;0
145100017;76114;1;78;1;5;23;0
150300009;20537;2;168;0;7;134;0
150800005;83394;4;158;0;15;126;0
150800006;39712;10;109;0;14;97;0
150800007;43284;9;135;0;15;177;0
150800010;22335;12;196;0;15;214;0
150800011;68045;4;178;0;10;279;0
150800020;24308;4;94;2;10;205;1
151000001;2227;6;138;2;8;121;2
151000004;6210;8;225;3;12;155;3
151000005;16345;6;161;1;8;96;2
151000006;16345;6;128;2;8;109;1
151000007;16345;6;116;0;8;140;0
151000008;17364;6;81;0;8;67;0
151000015;40195;5;69;0;9;153;3
151000016;40195;5;126;0;9;183;0
151000017;53655;6;175;3;8;104;5
151000018;53655;6;130;0;8;124;0
151000019;53655;6;130;2;8;91;1
151000027;73359;1;111;0;6;161;1
151000028;73359;1;99;0;6;99;0
151000029;73359;1;90;0;6;162;1
151000030;73359;1;105;0;6;107;0
151000031;73359;1;88;0;6;136;0
151000032;73359;1;143;2;6;143;1
151000033;73359;1;114;0;6;76;0
151100009;56201;6;184;8;14;145;4
151100010;56201;6;184;3;14;213;1
151100011;7524;3;252;14;4;188;4
151100019;16537;4;123;0;12;191;3
151100020;16537;4;89;0;12;146;0
151100021;16537;4;116;2;12;117;1
151600015;761;2;219;1;5;144;3
151600016;761;2;107;2;5;189;0
151600023;32531;4;156;0;8;102;0
151600030;69153;4;127;1;13;164;1
151600031;73345;2;227;2;4;212;1
152100005;23193;4;244;1;10;146;3
152100007;44536;4;105;0;10;90;0
152100009;80697;2;112;0;4;153;2
152100013;20314;4;129;2;10;202;3
152100015;51932;2;279;1;10;357;2
152300005;22438;9;130;1;12;184;2
152300006;22438;9;107;5;12;190;2
152300007;22438;9;169;0;12;146;0
152300009;69095;2;234;0;9;66;0
152300010;69095;2;204;0;9;88;0
152400128;51620;5;1;0;10;15;0
152400201;5921;5;209;0;10;252;0
152400209;17854;10;182;0;21;145;0
152400210;17854;10;183;0;21;276;0
152400216;47963;11;230;3;23;252;1
152400217;51620;5;236;5;10;227;3
152400228;72566;5;154;0;10;151;1
152400230;73674;10;182;6;23;229;5
152400231;87597;10;176;3;31;275;1
152400232;87597;10;197;3;31;286;3
152400233;87597;10;142;5;31;126;7
152400235;5921;5;16;0;10;4;0
152700004;5493;3;88;1;7;40;0
152700006;30590;6;212;0;12;281;0
153700001;6433;15;186;1;23;154;1
153700002;14934;8;102;3;23;191;3
153700003;14934;8;94;7;23;269;10
153700007;37863;19;124;1;23;284;1
153700008;37863;19;139;0;23;226;0
153700009;37863;19;134;0;23;251;0
153700010;37863;19;245;0;23;147;0
153700011;37863;19;300;0;23;52;0
153700012;43311;3;172;0;15;131;0
153700015;61950;15;275;0;23;288;1
153700017;63361;8;327;5;23;357;1
153700038;81551;15;82;0;23;158;0
153700039;81551;15;100;0;23;194;0
153900014;6375;6;334;0;15;293;0
153900015;6375;6;199;0;15;310;0
153900019;6375;6;7;0;15;20;2
160100067;2974;12;106;0;15;106;0
160100072;22839;1;111;1;12;78;2
160100076;37633;11;234;0;12;153;0
160100081;51830;1;146;0;12;165;0
160100083;51127;9;80;0;12;81;0
160100084;51127;9;140;0;12;110;0
160100085;51127;9;29;1;12;78;0
160100089;69273;13;216;0;20;183;0
160100091;72789;1;295;0;20;87;0
160100092;72789;1;199;0;20;151;0
160100093;72789;1;242;0;20;178;0
160100099;43298;6;111;0;9;142;0
160100103;72789;1;150;0;20;65;0
160700004;81975;10;69;0;13;156;0
160700005;81975;10;102;0;13;110;0
160700015;5356;12;212;6;13;245;6
160700016;12680;6;60;0;13;70;0
160700017;69818;9;159;0;10;135;0
161200005;29475;2;228;0;4;196;0
161200006;29475;2;197;0;4;179;0
161200009;63567;4;136;0;6;227;0
161200010;63567;4;145;5;6;180;4
161200011;14996;2;63;0;7;93;0
161200012;63553;6;80;1;7;87;2
161200015;70353;2;51;0;7;61;0
161200017;22191;2;128;1;4;116;1
161300034;10291;8;149;0;25;121;0
161300035;10291;8;73;0;25;226;0
161300036;2720;16;105;1;17;260;1
161300037;2720;16;128;0;17;245;4
161300038;2720;16;199;1;17;179;0
161300039;2720;16;279;7;17;171;5
161300040;3109;8;157;1;16;199;2
161300046;10207;8;197;1;17;213;3
161300047;10207;8;177;1;17;283;2
161300058;12005;6;122;0;12;199;0
161300059;12005;6;111;0;12;217;1
161300060;24241;8;133;0;14;289;0
161300061;24241;8;211;0;14;253;1
161300062;32226;8;154;0;17;182;0
161300065;69420;10;194;4;17;254;2
161300066;67235;11;243;0;17;303;0
161300067;77462;16;152;0;24;182;0
161300068;77462;16;131;0;24;256;0
161300069;62949;9;186;2;24;169;0
161300070;62949;9;165;3;24;149;2
161300071;62949;9;161;0;24;171;0
161300072;62949;9;205;2;24;168;3
161300073;62949;9;217;0;24;116;0
161500006;3530;3;93;2;7;68;2
161700003;3839;13;154;2;17;158;1
161700004;3839;13;175;0;17;203;0
161700005;12019;4;207;0;11;415;0
161700006;61412;4;249;1;14;206;0
161700009;73242;4;177;0;18;199;0
161700010;73242;4;170;2;18;294;2
161700011;73242;4;135;1;18;252;1
161700012;73242;4;208;0;18;198;0
161700013;69874;4;213;0;18;89;0
161700014;69874;4;302;0;18;114;0
161700017;11845;4;245;1;7;256;2
161700018;11845;4;89;0;7;293;0
161700019;35300;4;289;0;15;184;0
161700020;35300;4;118;0;15;338;0
161700021;35300;4;122;0;15;222;1
161700023;39918;15;207;0;18;203;0
161700028;62858;4;205;0;18;160;0
161700029;62858;4;194;0;18;121;0
161700030;62858;4;260;3;18;113;1
161700031;62858;4;167;3;18;105;4
161700033;47086;4;146;2;18;177;2
161700034;47086;4;183;0;18;230;0
161700035;47086;4;195;2;18;246;1
161700036;47086;4;219;0;18;193;0
161700037;47113;4;332;1;9;281;0
161700038;87669;4;296;2;18;197;0
162300019;17484;6;244;0;7;162;0
162300020;17484;6;161;0;7;212;2
162300021;17484;6;145;0;7;229;0
162300024;36230;7;128;0;15;144;0
162300025;36230;7;240;1;15;112;1
162300026;7675;6;165;2;15;286;2
162300030;23385;7;177;1;15;187;1
162300031;56335;6;147;0;7;149;0
162300032;6745;6;164;4;12;180;6
162300035;24493;4;168;0;6;143;0
162300036;24493;4;138;0;6;255;0
162300039;11123;14;195;0;15;279;0
162500022;3620;5;94;0;11;105;0
162500023;3620;5;161;6;11;185;5
162500024;3620;5;129;0;11;261;5
162500025;3620;5;142;3;11;149;3
162500026;3620;5;143;0;11;260;0
162500027;80162;1;428;2;7;213;6
162500028;80162;1;154;1;7;340;8
162600004;6077;1;102;0;18;236;0
162600005;6077;1;77;0;18;115;0
162600006;6077;1;115;0;18;122;0
162600007;6077;1;133;7;18;192;1
162600008;6505;9;144;1;18;112;0
162600009;6505;9;149;0;18;123;0
162600010;6505;9;125;0;18;157;0
162600011;6505;9;82;0;18;117;0
162600012;6505;9;132;0;18;197;0
162600013;6447;2;221;0;14;263;0
162600014;6447;2;290;0;14;205;0
162600026;47295;9;121;2;18;66;0
162600027;47295;9;301;5;18;111;5
162600028;47295;9;195;0;18;130;0
162600030;59032;17;195;1;18;178;2
162600031;59032;17;199;0;18;120;0
162600032;59032;17;151;0;18;182;0
162600033;59032;17;164;0;18;179;0
162600034;59032;17;135;0;18;161;0
162600037;75188;2;183;2;18;202;0
162600038;75188;2;227;3;18;198;6
162600039;75188;2;152;2;18;265;3
162600040;77373;13;173;3;18;266;1
162600041;78029;13;107;0;18;77;0
162600042;78029;13;136;1;18;96;1
162600043;78029;13;99;1;18;97;2
162600044;78029;13;78;4;18;173;3
162600045;78029;13;95;3;18;138;3
162600046;78029;13;104;0;18;163;0
162600047;78029;13;129;5;18;80;1
162600048;87240;13;201;0;18;223;0
162600049;87240;13;207;0;18;208;0
162600050;87240;13;42;0;18;68;0
162600051;87240;13;97;0;18;168;0
162800005;48152;6;244;0;10;214;0
162800006;57621;4;154;0;10;215;0
162800007;57621;4;182;0;10;178;0
162800016;36244;1;305;0;10;297;0
163300010;58058;5;133;0;8;152;0
163300014;23426;5;86;0;7;166;0
163300018;78392;5;147;0;7;128;1
163300019;44481;8;104;0;9;123;0
163700013;52088;14;106;2;17;106;0
163700014;55378;13;268;0;17;263;0
163700016;69016;12;143;2;14;155;1
163700017;69016;12;182;3;14;111;0
163700018;39579;4;220;5;12;116;0;17;178;1
163700025;69016;12;3;3;14;5;1
164100019;40717;6;107;0;13;288;0
164100020;40717;6;194;0;13;207;0
164100021;40717;6;206;0;13;194;0
164100022;52221;5;198;0;6;193;1
164100023;52221;5;151;0;6;188;0
164100024;52221;5;299;6;6;146;2
164100025;73081;2;117;1;5;266;2
164100026;73081;2;215;0;5;148;0
171100009;32192;4;124;0;9;150;0
171400001;3472;2;165;1;4;156;0
171400003;10015;2;375;0;4;250;0
171400004;15953;2;176;0;4;200;0
171400031;61875;2;117;0;4;127;0
171400032;65650;2;171;1;4;244;1
171400036;87285;2;124;0;4;72;1
171600005;5058;4;124;0;7;133;0
171600008;30541;6;157;4;7;198;5
171600009;35897;7;93;2;11;113;0
171600024;65886;6;211;4;7;263;2
171600025;65886;6;188;0;7;225;0
171600026;66295;6;187;0;7;200;0
171600034;30541;6;5;0;7;7;0
171600037;65886;6;10;2;7;4;1
172600015;56890;6;94;0;8;74;1
172600016;59416;8;67;0;16;131;0
172600018;61385;2;88;0;8;87;0
172600019;62089;2;200;0;8;132;0
172600020;62089;2;101;3;8;137;1
172600021;62089;2;161;0;8;130;0
172900008;30630;7;153;0;11;123;0
172900010;52341;7;189;3;9;174;0
172900014;77579;4;120;0;7;181;0
180300006;53117;1;218;5;4;190;4
180300007;53117;1;150;2;4;119;8
180300009;16674;1;123;6;4;74;1
180300010;16674;1;193;0;4;97;0
180300012;53117;1;4;0;4;8;0
180400017;57368;3;167;0;5;176;0
180400018;57368;3;161;0;5;156;1
180400020;5743;3;217;0;4;158;1
180400021;55720;3;78;0;10;92;0
180400022;38529;3;174;0;5;124;0
180400023;38529;3;124;1;5;126;0
180500018;67578;1;219;1;7;136;0
180500019;67578;1;127;1;7;118;1
180500020;67578;1;149;1;7;203;1
180500021;67578;1;152;0;7;184;0
180800006;2868;2;143;0;4;215;0
180800011;36703;1;198;0;4;245;0
180800012;7212;1;290;1;2;153;0
180800013;81373;1;105;0;2;152;0
180800014;2587;4;266;0;5;185;0
180800015;30380;4;73;1;7;40;1
181300006;56397;7;225;3;8;300;4
181300007;56397;7;167;1;8;239;3
182700192;58637;1;173;0;11;170;0
183300013;6673;4;167;0;5;123;0
183700003;3745;1;148;6;6;152;6
183700004;22277;1;335;0;3;157;0
183700005;51977;1;328;2;6;257;3
183700011;51977;1;9;1;6;1;0
190700303;3017;9;58;0;10;68;2
190700304;4670;3;159;0;10;210;0
190700309;30377;4;191;0;10;45;0
190700310;30377;4;84;0;10;183;3
190700313;35554;3;198;0;10;177;0
190700314;37993;3;118;0;10;98;0
190700318;52338;3;130;0;10;209;0
190700323;69184;3;203;0;10;266;0
190700324;70336;3;202;2;10;193;2
190700325;81075;3;117;0;10;125;0
191000409;81966;8;218;0;11;317;0
191000410;81966;8;236;0;11;267;0
191000411;81966;8;195;0;11;111;0
191000413;11764;1;287;3;8;234;5
191000422;37839;1;117;0;4;88;0
191000423;57813;6;403;8;8;288;1
191000426;66696;1;68;0;8;51;0
191000438;53494;8;220;2;9;237;5
191000439;53494;8;173;0;9;201;2
191500501;11990;7;50;0;8;53;0
191500502;15566;1;182;0;7;105;0
191500503;15566;1;141;0;7;138;1
191500510;57889;1;66;2;7;44;3
191500511;65615;4;49;0;7;14;0
191500512;68357;5;179;3;7;134;2
191500513;68357;5;69;3;7;269;4
193100177;41143;5;189;0;10;148;0
193100178;41143;5;186;0;10;176;0
193100179;41143;5;114;0;10;126;0
193100180;41143;5;141;0;10;185;0
193100181;41143;5;131;4;10;71;0
193100182;41143;5;80;0;10;131;1
193100190;68254;5;91;2;15;96;0
193200604;21693;7;175;0;10;148;2
193400717;69078;6;67;0;7;171;2
193400718;69078;6;128;2;7;199;2
201100001;5480;3;59;1;9;39;0
201100003;17436;3;154;3;6;64;2
201100004;17436;3;135;0;6;10;0
201100005;17436;3;117;0;6;12;0
201100006;17436;3;107;3;6;13;1
201100008;29283;3;98;1;8;145;3
201100010;36854;3;192;2;10;120;1
201100021;53919;9;54;3;10;47;6
201100023;58966;3;130;0;10;161;3
201100026;69821;3;153;2;9;134;0
201100030;87031;3;203;0;9;177;0
201100031;87031;3;227;0;9;156;0
201100032;87031;3;221;0;9;159;0
201100033;87031;3;217;2;9;216;2
201600030;38683;13;219;2;17;207;2
201600031;38683;13;279;0;17;237;0
201600033;6788;8;80;3;13;73;3
201600036;2734;3;156;2;8;149;5
201600037;2734;3;126;1;8;76;0
201600044;27111;8;124;0;13;117;0
201600054;61340;8;163;1;13;161;1
201600055;52146;13;123;0;14;131;4
201600059;4635;8;119;0;13;86;0
201600062;70456;8;158;3;13;134;3
202000127;68117;19;308;2;27;78;2
202000128;68117;19;125;0;27;340;0
202000133;4947;19;87;2;24;80;0
202000134;68549;19;56;0;24;41;0
202000136;17600;8;145;2;24;177;1
202000139;7613;8;113;2;19;208;2
202000140;7613;8;169;1;19;157;1
202000150;69081;1;86;2;19;65;1
202000152;37530;8;292;6;19;154;2
202000154;55333;8;127;2;19;142;0
202000157;4039;4;87;0;19;61;0
202000159;66812;8;105;3;19;133;4
202000160;36779;7;233;3;8;107;3
202000161;36779;7;171;0;8;94;0
202000162;36779;7;210;0;8;87;0
202000163;81534;8;120;4;19;181;2
202000164;15206;8;196;0;27;124;0
202000165;65303;2;172;4;8;267;2
202000166;65303;2;52;0;8;444;0
202000167;14800;7;232;3;19;202;2
202000168;40083;8;320;7;19;222;9
202000169;40083;8;262;0;19;111;0
202000174;72816;8;380;5;19;228;0
202000175;72816;8;230;2;19;186;4
202000176;72816;8;160;4;19;166;0
202000177;35537;8;194;2;26;211;0
202000180;23337;19;205;0;22;126;0
202000181;73016;8;94;1;19;150;2
202400011;15944;1;209;1;8;172;1
202400012;15944;1;54;1;8;141;4
202400013;15944;1;102;3;8;143;3
202400014;15944;1;247;0;8;170;0
202400015;80474;1;50;1;6;77;1
202400018;5551;1;121;1;6;138;0
210200004;11377;7;133;0;12;61;0
210200005;850;6;176;0;7;138;0
210200007;23875;6;77;1;8;86;0
210200014;30209;6;116;1;7;178;0
210200016;12526;7;40;0;12;39;0
210500006;6879;2;124;16;5;130;15
210900011;6269;6;192;0;7;72;0
210900012;17957;6;220;0;7;168;0
210900013;18424;6;288;0;7;266;0
210900014;73105;4;288;0;6;232;0
210900015;29502;1;16;0;6;54;0
210900019;66130;6;220;4;7;207;2
211000004;41006;2;263;0;6;232;0
211000007;78567;2;204;0;4;190;0
211000008;6700;1;281;0;6;247;0
211000010;31259;2;210;0;5;308;0
211000011;31259;2;327;1;5;134;0
211000012;44642;1;316;0;6;270;0
211100014;21871;1;223;0;7;348;0
211100015;21871;1;13;1;7;34;1
211600024;5579;6;107;0;8;156;1
211600030;10910;2;56;0;8;39;0
211600033;14413;2;68;0;10;71;1
211800008;37695;4;27;1;13;27;0;14;40;1
211800011;41157;9;45;0;14;63;0
211800013;21004;9;32;0;12;42;0
211800014;18374;12;81;2;14;93;0
211800015;7911;3;34;0;12;30;0
211800016;68309;3;185;1;12;138;0
211800018;40628;3;78;0;14;85;0
211800019;53388;3;65;0;12;69;0
211800020;12896;12;25;0;14;30;0
211800021;12896;12;24;0;14;24;0
212700008;11870;1;63;1;9;159;0
212700011;80399;1;173;0;9;283;1
212700012;80399;1;146;0;9;301;0
212700014;11301;6;41;0;9;64;0
212700022;68093;1;110;0;9;104;0
213100039;5801;1;52;0;14;45;0
213100042;49014;13;218;0;14;155;0
213100043;49014;13;192;0;14;144;0
213100044;40748;14;140;0;16;75;0
213100052;62462;14;99;0;16;69;0
213100065;67547;1;120;1;14;185;2
213100066;67547;1;140;0;14;277;0
213100072;66384;3;29;0;16;67;0
213100076;48814;1;110;3;14;140;2
213800009;77219;2;158;5;10;111;1
213800010;46286;2;68;0;3;33;0
213800012;4801;2;65;0;9;64;0
224617014;49597;12;196;0;15;171;0
224617015;49597;12;140;0;15;105;0
224617016;11394;7;163;0;15;150;0
224617017;11394;7;147;2;15;128;1
224617018;11394;7;112;1;15;136;3
224617019;11394;7;130;0;15;108;0
224618046;46721;15;157;5;27;131;1
224620049;12084;15;108;0;27;251;1
224620050;12084;15;103;1;27;253;2
224620051;12084;15;125;2;27;184;2
224621005;2511;15;194;2;39;169;3
224621006;48393;15;168;1;27;171;0
224621007;48393;15;129;0;27;188;0
224621024;41010;15;355;0;27;299;0
224621026;65601;15;185;2;28;158;4
224621027;65601;15;153;0;28;80;0
224621028;65601;15;119;0;28;128;0
224621032;80409;7;135;0;28;78;0
224621033;80409;7;202;2;28;112;1
224621034;80409;7;157;0;28;70;0
224621035;80409;7;143;2;28;53;1
224622019;7140;15;181;0;39;104;0
224622020;7140;15;122;0;39;69;0
224622021;7140;15;99;0;39;97;0
224622022;7140;15;110;2;39;110;3
224622027;22304;15;87;0;32;171;0
224622028;22304;15;100;0;32;225;0
224623003;35239;15;245;0;27;91;0
224623004;35239;15;261;0;27;92;0
224623005;35239;15;200;3;27;72;0
224623006;35239;15;165;0;27;76;0
224623007;35239;15;78;0;27;71;0
224623015;14831;15;111;2;27;146;1
224623016;14831;15;164;3;27;127;2
224623017;14831;15;99;0;27;317;0
224624011;32216;12;196;4;15;241;0
230600006;58606;1;174;3;3;184;0
230600009;18174;6;72;0;8;57;0
230700025;73256;1;245;0;17;286;0
230700026;73256;1;292;0;17;231;0
230700027;73256;1;177;1;17;158;0
230700028;73256;1;271;0;17;228;1
230700029;66860;5;301;0;7;167;0
230700030;66860;5;295;3;7;168;1
230700036;43904;5;219;0;17;286;0
230700037;43904;5;291;13;17;185;1
230700038;18143;5;107;2;9;96;2
230700041;12283;5;281;0;15;118;0
230700042;12283;5;287;3;15;228;4
230700043;12283;5;321;0;15;195;0
230700044;12283;5;254;4;15;66;1
231000003;3705;5;175;0;10;157;1
231000006;549;5;264;2;10;352;1
231000012;46231;3;162;2;10;159;1
231600013;35479;1;40;2;6;22;0
231600014;35479;1;39;0;6;44;1
231600023;78255;1;48;0;3;25;0
231700009;18490;11;153;1;14;279;0
231700010;18490;11;175;8;14;166;0
231700011;18490;11;169;0;14;93;0
231700012;18490;11;226;0;14;74;0
231700013;52012;11;244;0;14;252;0
231700014;52012;11;171;0;14;234;0
231700015;14074;5;216;0;12;75;0
231700016;14074;5;134;0;12;76;1
231700017;61248;12;128;0;14;143;0
231700018;61248;12;132;0;14;167;0
231700019;49388;9;219;1;11;298;2
231700020;17885;11;100;0;14;155;0
231700021;69448;5;160;0;11;177;2
231700024;81760;11;139;3;14;59;3
231700026;43445;11;176;1;14;238;4
231700027;43445;11;192;2;14;160;0
231700029;53343;3;51;0;11;93;0
231700032;15432;9;91;1;11;161;1
231700033;52012;11;28;0;14;38;0
231800014;87391;5;40;1;8;23;0
231800015;87391;5;44;0;8;28;0
231800019;44313;2;108;0;5;151;0
232000014;4830;4;141;1;9;185;1
232000019;29338;4;178;3;9;152;2
232000024;10029;2;101;3;4;164;6
232000025;10029;2;114;0;4;79;2
232000026;10029;2;161;0;4;291;0
232500010;50245;6;169;0;10;192;0
232500011;50245;6;146;0;10;297;0
232500012;38916;3;194;0;9;115;1
232500013;38916;3;196;0;9;149;0
232500014;38916;3;187;0;9;251;0
232500015;38916;3;238;0;9;98;0
232500016;38916;3;238;0;9;130;0
232500018;58863;6;93;0;10;90;0
232600013;23296;5;307;1;14;274;2
232600021;3191;1;113;6;6;95;1
233400006;61807;3;185;2;4;173;1
233900039;31228;6;56;1;12;112;2
233900040;16599;12;63;2;21;67;3
233900042;83291;21;279;2;25;256;3
233900045;37527;7;160;0;25;221;2
233900046;57697;6;96;0;25;71;0
233900048;3767;12;135;2;17;115;5
233900053;58548;6;148;0;21;185;1
233900055;15285;1;221;1;25;188;0
233900056;15285;1;199;0;25;137;0
233900063;23491;20;202;0;21;142;0
233900066;3767;12;2;0;17;12;0
234300012;6272;7;74;5;12;52;0
234300013;11510;1;115;0;12;173;0
234300014;11510;1;142;0;12;103;0
234300027;32843;4;183;0;6;320;0
234300028;32843;4;238;0;6;244;0
234300036;54122;6;82;0;12;109;0
234300037;62387;6;193;0;7;270;0
234300039;65663;7;199;0;12;279;4
234300040;72655;7;203;0;12;262;0
240400005;80793;7;218;4;12;131;1
240400006;80793;7;120;0;12;210;6
240400010;53850;1;304;3;5;222;0
240400018;47665;8;86;0;12;65;0
240400021;51072;1;65;0;12;55;0
240400025;53850;1;184;3;5;239;2
240700014;552;1;117;1;6;71;0
240700015;53134;1;267;1;9;250;1
240700016;53134;1;203;0;9;206;0
240700017;47603;1;172;0;3;172;0
240700018;32857;1;59;0;8;77;2
240700019;49535;1;261;0;7;233;0
241200062;24075;11;178;2;15;184;1
241200064;87641;3;227;1;19;230;1
241200065;83106;19;262;7;26;101;0
241200066;83106;19;187;1;26;168;2
241200069;40292;13;172;0;19;282;0
241200070;40292;13;208;4;19;364;2
241200071;40292;13;238;2;19;253;0
241200076;80532;10;221;4;21;292;2
241200077;53179;6;236;1;19;164;1
241200078;53179;6;198;0;19;179;0
241200079;40868;19;293;0;26;248;0
241200084;68446;19;75;0;32;72;0
241200085;49076;25;332;6;26;288;0
242200009;86043;5;113;0;13;194;0
242200013;73420;1;292;0;13;414;0
242200014;10848;5;140;0;13;207;0
242200015;10848;5;123;3;13;149;2
242300003;7750;1;115;0;2;107;0
242400013;14026;8;116;0;14;200;0
242400014;14026;8;136;0;14;255;0
242400015;73688;8;221;0;9;316;5
242700015;70586;14;279;6;19;181;1
242700016;70586;14;108;0;19;203;0
242700019;20153;8;141;0;15;124;0
242700029;31293;8;198;0;18;215;0
243100150;6197;10;210;6;14;198;4
243100153;68730;10;331;0;21;290;0
243100156;16701;10;270;4;23;185;3
243100157;24482;10;134;2;23;162;0
243100158;24482;10;189;0;23;100;0
243100162;38039;9;79;3;10;77;1
243100164;31276;9;159;1;33;196;3
243100172;70202;6;60;2;10;24;2
243100184;77431;9;149;3;10;116;1
243100187;37678;9;44;0;10;44;0
243100192;55289;9;98;0;10;101;0
243100194;69794;10;63;2;33;50;0
243100197;48765;5;193;5;10;177;2
243100201;35420;10;183;0;21;242;0
243600020;30819;10;187;2;17;206;1
243600021;30819;10;187;0;17;193;0
243600025;65810;3;192;0;10;312;0
243600026;14920;10;346;0;12;100;0
243600034;46658;3;54;0;20;46;0
243600035;68182;6;152;0;7;185;0
243700004;22767;1;251;1;3;124;3
243700005;22767;1;204;1;3;179;6
243800004;48163;2;110;1;11;151;3
243800006;27070;5;112;0;10;140;0
250200037;80892;1;32;0;4;63;0
252200019;12156;1;212;0;2;214;0
252200029;30692;1;189;0;2;237;0
252200031;32620;1;128;0;2;131;0
252200045;59029;1;51;0;2;98;0;8;31;0
252300007;15833;1;177;1;6;133;1
252300008;15833;1;137;1;6;126;3
252300009;17172;2;157;0;7;256;0
252400021;566;5;92;0;15;112;0
252400022;2021;12;31;0;15;30;0
252400027;15103;5;100;2;15;129;3
252400029;22109;5;80;1;15;65;1
252400030;23738;5;115;0;15;170;0
252400033;30332;5;257;0;16;241;0
252400041;44286;2;200;0;15;180;0
252400043;47634;15;213;0;16;131;0
252400045;55213;14;227;0;15;139;0
252400050;67091;5;188;0;15;234;0
253500052;6166;17;71;3;22;106;3
253500054;7154;13;170;2;17;129;1
253500066;30644;9;96;4;13;113;0
253500071;40395;13;74;0;17;46;0
253500072;43685;13;181;2;17;106;1
253500073;43685;13;140;7;17;65;10
253500076;46190;9;182;2;19;168;2
253500083;54345;9;104;3;17;110;2
253500092;55662;17;39;0;19;52;1
253500098;69599;9;245;4;17;195;1
253500099;70545;13;118;0;17;75;2
260900060;31156;8;207;0;20;213;0
260900068;39966;8;178;0;20;247;0
260900069;87076;8;174;5;20;135;2
260900070;87076;8;170;3;20;256;17
260900076;47843;9;154;0;20;84;0
260900077;47843;9;183;1;20;93;1
260900078;47843;9;210;0;20;96;0
260900084;6762;20;104;1;21;79;0
260900085;30658;8;82;0;20;72;0
260900086;69691;20;172;2;21;133;4
260900087;61368;8;271;0;20;281;0
260900090;6547;3;293;0;20;262;2
260900091;22561;8;96;1;20;99;3
261100012;38317;6;29;1;9;22;0
261100019;38248;6;53;1;7;45;1
261100021;29101;6;84;0;7;54;0;9;56;0
261100026;62935;6;16;0;9;15;1
261700010;44077;4;81;0;11;209;0
261800004;22375;1;70;3;5;41;1
261900003;70250;4;205;0;8;176;1
262800021;14708;1;32;0;2;47;0
262800025;66370;2;88;0;5;58;0
262800027;48698;1;92;5;13;62;3
262800029;70055;1;115;4;5;217;6
262800036;36110;1;257;3;2;160;1
262900010;73208;1;64;0;9;107;2
262900011;23964;1;51;0;9;50;0
262900013;35599;1;103;2;9;83;0
263200009;7346;2;73;6;8;91;4
263200014;49219;1;166;0;8;124;0
263200016;53895;1;63;0;6;77;0;8;201;0
263200018;61491;1;262;0;5;175;0
263200020;66487;1;162;0;5;171;0
263200022;75191;5;252;0;8;117;0
263200023;75191;5;157;2;8;122;0
263300023;4128;4;238;0;12;245;0
263300041;67101;7;185;5;12;222;3
263400115;12382;13;203;5;20;235;7
263400118;57042;7;117;0;22;44;0
263400126;21155;13;141;3;22;211;4
263400127;69359;7;43;0;18;68;0
263400129;39863;13;275;2;14;351;1
263400131;46293;13;183;0;23;117;0
263400132;46293;13;177;2;23;158;0
263400134;46992;13;85;1;14;77;0
263400136;16729;7;35;0;14;57;0
263400146;38399;7;155;0;13;247;0
271000007;32113;1;114;4;2;158;4
271000009;38306;2;82;0;7;85;0
271000016;68847;2;167;2;3;167;0
271100004;12663;1;113;2;2;97;1
271100018;70099;1;120;0;2;158;0
271800014;51158;2;241;0;3;30;0
271800016;58485;2;150;0;9;162;0
271800017;58485;2;117;0;9;157;0
271800020;72549;2;232;0;6;180;0
271800021;72549;2;101;0;6;304;0
271800022;72549;2;382;0;6;76;0
271900008;48773;6;111;0;10;134;0
271900009;56770;5;186;3;10;111;0
271900010;56770;5;195;0;10;133;0
271900011;31084;3;166;3;10;157;0
271900014;47319;3;126;0;10;175;2
271900015;47319;3;64;2;10;49;2
272100006;39760;1;210;0;2;98;0
272100010;63269;2;135;0;7;122;0
272100013;78656;1;193;1;6;295;0
272200023;27471;8;107;5;9;131;4
272200032;58205;2;32;0;9;86;0
272300014;39133;1;175;0;13;140;0
272300018;54273;2;72;0;3;100;0
272500007;10762;2;120;1;7;176;1
272500011;62732;1;166;1;7;234;4
273000101;10923;1;209;0;7;217;9
273000103;20938;3;206;3;6;335;4
273000105;32158;6;128;2;7;214;4
273000106;32158;6;320;3;7;60;2
273000112;46053;6;119;0;16;155;3
273000113;46053;6;184;3;16;124;7
273000114;47161;3;135;0;8;113;0
273000118;61443;3;124;0;12;73;0
273000119;65187;3;250;4;16;172;2
273000121;69924;3;122;0;7;102;0
280300007;69208;1;168;0;5;160;0
280700012;6001;6;152;1;10;271;1
280700014;29516;10;43;0;15;56;1
280700024;46904;10;218;0;15;152;0
280700028;43459;10;162;1;15;138;3
282200011;11661;5;173;4;6;125;1
282200012;11908;4;134;1;6;146;4
282200014;30898;6;199;0;10;167;0
282200015;30898;6;242;5;10;325;3
282200019;44118;5;191;0;6;144;0
282200021;46303;6;70;0;10;92;2
282200022;51384;6;91;0;10;57;0
282200023;55244;1;52;5;5;30;0
282200024;57409;6;102;0;9;87;0
282200026;59046;5;107;0;10;93;0
282200030;30898;6;20;0;10;5;0
282200031;44118;5;3;0;6;6;0
282500002;3229;11;182;8;19;126;16
282500003;3229;11;190;1;19;148;2
282500006;5952;12;229;0;18;157;0
282500007;5952;12;202;3;18;179;0
282500008;10776;12;286;3;18;284;10
282500014;23501;12;238;1;19;246;1
282500017;30096;12;183;0;18;361;0
282500020;35609;12;183;1;19;184;1
282500027;46783;3;251;4;12;251;3
282500031;48787;18;111;0;19;137;0
282500034;56873;6;182;0;12;217;0
282500040;66737;12;221;0;18;187;0
282500045;73657;6;76;0;12;98;0
282500047;77150;12;257;1;18;239;3
282500048;80217;12;172;0;18;161;0
282500050;35609;12;10;0;19;1;0
