030602087;302;30;34;0;40;69;0
030602088;302;30;54;0;40;34;0
030602089;302;30;26;0;40;23;0
030602090;302;30;33;0;40;47;0
030602091;302;30;32;0;40;57;1
030602092;302;30;27;0;40;50;1
030602093;302;30;39;0;40;91;0
030602094;302;30;29;0;40;66;0
030602095;302;30;48;0;40;90;0
030602096;302;30;29;0;40;67;0
030602097;302;30;38;1;40;61;0
030602098;302;30;40;0;40;45;0
030602099;302;30;31;0;40;41;0
030602100;302;30;36;0;40;48;0
030602101;302;30;26;0;40;33;0
030602102;302;30;19;0;40;44;0
030602103;302;30;34;0;40;62;0
030602104;302;30;34;0;40;46;0
030602105;302;30;23;0;40;56;0
030602106;302;30;1;0;40;10;0
030602107;302;30;29;0;40;58;0
030602108;302;30;37;0;40;47;0
030602109;302;30;26;0;40;85;0
030602110;302;30;30;0;40;64;0
030602111;302;30;13;0;40;50;0
030602112;302;30;32;0;40;69;0
030602113;302;30;23;0;40;55;0
030602114;302;30;20;0;40;61;0
030602115;302;30;19;0;40;45;0
030602116;302;30;31;0;40;66;0
030602117;302;30;25;0;40;47;0
030602118;302;30;36;0;40;77;1
030602119;302;30;34;0;40;106;0
030602120;302;30;29;0;40;62;0
030602121;302;30;15;0;40;62;0
030602122;302;30;31;0;40;59;0
030602123;302;30;13;0;40;52;0
030602124;302;30;15;0;40;42;0
030602125;302;30;17;0;40;82;1
030602126;302;30;17;0;40;33;0
030602127;302;30;13;0;40;29;0
030602128;302;30;27;0;40;26;0
030602129;302;30;26;0;40;28;0
030602130;302;30;46;1;40;73;0
030602131;302;30;34;0;40;77;0
030602132;302;30;45;0;40;80;0
030602133;302;30;26;0;40;33;0
030602134;302;30;35;0;40;60;0
030602135;302;30;38;0;40;59;0
030602136;302;30;48;0;40;42;0
030602137;302;30;41;0;40;75;0
030602138;302;30;44;0;40;110;0
030602139;302;30;46;0;40;71;1
030602140;302;30;32;0;40;73;0
030602141;302;30;53;0;40;71;0
030602142;302;30;22;0;40;71;0
030602143;302;30;78;0;40;50;0
030602144;302;30;48;1;40;58;0
030602145;302;30;34;0;40;56;0
030602146;302;30;43;1;40;71;0
030602147;302;30;41;0;40;62;1
030602148;302;30;29;0;40;42;0
030602149;302;30;37;0;40;54;1
030602150;302;30;20;0;40;41;0
030602151;302;30;53;0;40;64;0
030602152;302;30;32;0;40;47;0
030602153;302;30;16;0;40;42;0
030602154;302;30;37;0;40;52;0
030602155;302;30;26;0;40;24;0
030602156;302;30;33;0;40;49;0
030602157;302;30;52;0;40;42;0
030602158;302;30;42;0;40;59;0
030602159;302;30;34;0;40;39;0
030602160;302;30;43;0;40;33;0
030602161;302;30;52;1;40;39;0
030602162;302;30;53;0;40;49;0
030602163;302;30;56;0;40;45;0
030602164;302;30;70;0;40;35;0
030602165;302;30;60;0;40;64;0
030602166;302;30;27;0;40;50;0
030602167;302;30;37;0;40;34;0
030602168;302;30;44;0;40;32;0
030602169;302;30;78;0;40;46;0
030602170;302;30;73;1;40;50;2
030602171;302;30;37;0;40;45;0
030602172;302;30;40;0;40;73;0
030602173;302;30;22;0;40;44;0
030602174;302;30;28;0;40;39;0
030602175;302;30;19;0;40;18;0
030602176;302;30;50;0;40;78;0
030602177;302;30;27;0;40;85;0
030602178;302;30;26;0;40;66;0
030602179;302;30;20;0;40;85;0
030602180;302;30;29;0;40;102;0
030602181;302;30;39;0;40;71;0
030602182;302;30;39;0;40;71;0
030602183;302;30;35;0;40;49;0
030602184;302;30;37;0;40;40;0
030602185;302;30;10;0;40;16;0
030602186;302;30;21;0;40;25;0
030602187;302;30;31;0;40;48;0
030602188;302;30;19;0;40;59;0
030602189;302;30;32;0;40;37;2
030602190;302;30;12;0;40;28;0
030602191;302;30;10;0;40;24;0
030602388;302;30;2;0;40;4;0
030602394;302;30;21;2;40;22;0
030604291;304;26;58;2;40;69;0
030604292;304;26;73;1;40;42;1
030604293;304;26;53;0;40;70;0
030604294;304;26;113;0;40;79;0
030604295;304;26;36;0;40;70;0
030604296;304;26;51;0;40;77;0
030604297;304;26;48;0;40;67;0
030604298;304;26;16;0;40;70;0
030604299;304;26;85;1;40;39;0
030604300;304;26;16;2;40;113;3
030604301;304;26;62;2;40;72;5
030604302;304;26;63;0;40;54;0
030604303;304;26;67;0;40;37;0
030604304;304;26;98;0;40;59;1
030604305;304;26;33;0;40;61;0
030604306;304;26;41;0;40;64;1
030604307;304;26;76;0;40;88;0
030604308;304;26;2;0;40;108;0
030604309;304;26;116;0;40;82;0
030604310;304;26;80;0;40;114;0
030604311;304;26;85;0;40;107;0
030604312;304;26;53;0;40;80;0
030604313;304;26;56;0;40;86;0
030604314;304;26;44;0;40;82;1
030604315;304;26;60;0;40;93;0
030604316;304;26;41;0;40;78;0
030604317;304;26;29;0;40;80;0
030604318;304;26;47;0;40;95;0
030604319;304;26;33;0;40;79;0
030604320;304;26;38;0;40;73;0
030604321;304;26;34;0;40;71;0
030604322;304;26;26;0;40;55;0
030604323;304;26;37;0;40;51;0
030604324;304;26;43;0;40;117;1
030604325;304;26;20;0;40;65;0
030604326;304;26;78;0;40;99;0
030604327;304;26;91;0;40;77;0
030604328;304;26;42;0;40;63;0
030604329;304;26;55;0;40;65;0
030604330;304;26;60;0;40;40;0
030604331;304;26;48;0;40;40;0
030604332;304;26;50;0;40;87;0
030604333;304;26;78;0;40;95;0
030604334;304;26;66;0;40;72;0
030604335;304;26;40;0;40;56;0
030604336;304;26;69;0;40;70;0
030604337;304;26;46;0;40;42;0
030604338;304;26;44;0;40;98;0
030604339;304;26;27;0;40;44;0
030604340;304;26;42;0;40;67;0
030604341;304;26;64;0;40;113;0
030604342;304;26;37;0;40;38;0
030604343;304;26;29;2;40;60;2
030604344;304;26;29;0;40;36;0
030604345;304;26;38;0;40;59;0
030604346;304;26;27;0;40;60;0
030604347;304;26;64;0;40;81;0
030604348;304;26;34;0;40;42;0
030604349;304;26;41;0;40;32;0
030604350;304;26;74;1;40;76;0
030604351;304;26;41;0;40;66;0
030605352;305;14;122;0;40;171;0
030605353;305;14;85;0;40;93;2
030605354;305;14;91;1;40;136;4
030605355;305;14;97;0;40;120;0
030605356;305;14;101;0;40;122;0
030605357;305;14;152;0;40;107;0
030605358;305;14;98;1;40;80;0
030605359;305;14;26;0;40;44;0
030605360;305;14;42;0;40;62;0
030605361;305;14;11;2;40;117;20
030605362;305;14;28;0;40;70;0
030605363;305;14;74;0;40;118;0
030605364;305;14;142;3;40;106;1
030605365;305;14;84;0;40;77;1
030605366;305;14;82;0;40;128;0
030605367;305;14;75;0;40;112;2
030605368;305;14;113;0;40;109;0
030605369;305;14;107;1;40;122;0
030605370;305;14;96;0;40;112;0
030605371;305;14;52;2;40;128;0
030605372;305;14;7;0;40;110;0
030605373;305;14;61;0;40;86;3
030605374;305;14;68;0;40;130;0
030605375;305;14;68;0;40;96;0
030605376;305;14;74;0;40;99;0
030605377;305;14;91;1;40;79;2
162201001;1601;3;84;0;6;87;0
162201002;1601;3;101;0;6;80;0
162201003;1601;3;70;0;6;59;0
162201004;1601;3;106;0;6;99;0
162201005;1601;3;76;0;6;76;0
162201006;1601;3;74;0;6;77;0
162201007;1601;3;90;1;6;97;3
162201008;1601;3;167;0;6;118;0
162201009;1601;3;166;0;6;110;0
162201010;1601;3;87;0;6;77;0
162201011;1601;3;64;0;6;62;0
162201012;1601;3;124;0;6;111;0
162201013;1601;3;137;0;6;146;0
162201014;1601;3;123;0;6;94;0
162201015;1601;3;78;1;6;82;0
162201016;1601;3;116;8;6;110;6
162201017;1601;3;92;0;6;97;0
162201018;1601;3;63;0;6;72;0
162201019;1601;3;108;10;6;115;9
162201020;1601;3;116;0;6;73;0
162201021;1601;3;153;1;6;113;1
162201022;1601;3;94;0;6;148;0
162201023;1601;3;130;0;6;121;0
162201024;1601;3;122;0;6;105;0
162201025;1601;3;70;1;6;73;0
162201026;1601;3;109;0;6;118;0
162201027;1601;3;177;0;6;118;1
162201028;1601;3;209;0;6;143;0
162201029;1601;3;132;0;6;104;0
162201030;1601;3;166;13;6;156;10
162201031;1601;3;83;7;6;64;8
162201032;1601;3;104;0;6;101;0
162201033;1601;3;114;0;6;127;18
162201034;1601;3;125;0;6;108;0
162201035;1601;3;54;0;6;79;0
162201036;1601;3;135;0;6;146;0
162201037;1601;3;137;0;6;146;0
162201038;1601;3;103;0;6;123;0
162201039;1601;3;81;0;6;112;0
162201040;1601;3;132;0;6;128;0
162201041;1601;3;64;0;6;86;0
162201042;1601;3;115;3;6;132;1
162201043;1601;3;137;0;6;127;0
162201044;1601;3;182;14;6;121;11
162201045;1601;3;88;0;6;79;0
162201046;1601;3;132;0;6;125;0
162201047;1601;3;122;0;6;123;0
162201048;1601;3;105;0;6;145;0
162201049;1601;3;82;0;6;78;3
162201050;1601;3;95;0;6;104;1
162201051;1601;3;91;0;6;99;0
162201052;1601;3;81;0;6;65;0
162201053;1601;3;101;0;6;115;0
162201054;1601;3;130;0;6;164;0
162201055;1601;3;182;0;6;146;0
162201056;1601;3;123;1;6;116;1
162201057;1601;3;106;0;6;106;0
162201058;1601;3;167;0;6;159;0
162201059;1601;3;103;0;6;129;0
162201060;1601;3;177;0;6;161;0
162201061;1601;3;154;0;6;171;0
162201062;1601;3;103;0;6;131;0
162201063;1601;3;112;0;6;117;0
162201064;1601;3;110;1;6;134;1
162201065;1601;3;131;1;6;109;5
162201066;1601;3;162;0;6;193;0
162201067;1601;3;71;0;6;99;0
162201068;1601;3;38;0;6;122;0
162201069;1601;3;142;0;6;136;0
162201070;1601;3;150;0;6;136;1
162201071;1601;3;86;1;6;76;0
162201072;1601;3;165;2;6;113;3
162201073;1601;3;125;0;6;144;0
162201074;1601;3;174;0;6;149;0
162201075;1601;3;72;3;6;84;1
162201076;1601;3;119;0;6;134;0
162201077;1601;3;107;0;6;106;31
162201078;1601;3;61;0;6;81;2
162201079;1601;3;135;0;6;125;0
162201080;1601;3;134;2;6;59;6
162201081;1601;3;82;3;6;47;1
162201082;1601;3;123;0;6;104;0
162201083;1601;3;137;0;6;77;0
162201084;1601;3;76;0;6;26;0
162201085;1601;3;65;0;6;79;0
162201086;1601;3;124;0;6;131;0
162201087;1601;3;74;0;6;109;0
162201088;1601;3;111;0;6;129;0
162201089;1601;3;95;0;6;68;0
162201090;1601;3;88;1;6;117;0
162201091;1601;3;99;0;6;119;0
162201092;1601;3;134;0;6;150;0
162201093;1601;3;94;0;6;104;0
162201094;1601;3;86;1;6;67;1
162201095;1601;3;149;0;6;129;0
162201096;1601;3;113;0;6;120;1
162201097;1601;3;70;0;6;92;0
162201098;1601;3;79;0;6;69;0
162201099;1601;3;103;0;6;107;0
162201100;1601;3;101;0;6;100;0
162201101;1601;3;7;0;6;14;0
162201102;1601;3;3;0;6;3;0
162201103;1601;3;0;0;6;0;0
162201104;1601;3;1;0;6;0;0
162201105;1601;3;2;0;6;4;0
162202001;1602;3;52;0;24;84;0
162202002;1602;3;90;0;24;81;0
162202003;1602;3;98;0;24;85;0
162202004;1602;3;77;0;24;89;0
162202005;1602;3;56;0;24;62;0
162202006;1602;3;97;0;24;77;0
162202007;1602;3;51;0;24;56;0
162202008;1602;3;83;0;24;106;0
162202009;1602;3;100;0;24;100;0
162202010;1602;3;59;0;24;82;0
162202011;1602;3;73;0;24;126;0
162202012;1602;3;87;0;24;89;0
162202013;1602;3;95;0;24;108;0
162202014;1602;3;79;0;24;103;0
162202015;1602;3;136;0;24;146;0
162202016;1602;3;80;0;24;65;0
162202017;1602;3;92;0;24;101;0
162202018;1602;3;69;0;24;91;0
162202019;1602;3;74;0;24;79;0
162202020;1602;3;98;0;24;92;0
162202021;1602;3;36;0;24;40;0
162202022;1602;3;46;0;24;67;0
162202023;1602;3;24;4;24;51;2
162202024;1602;3;47;0;24;37;0
162202025;1602;3;23;0;24;35;0
162202026;1602;3;28;3;24;43;1
162202027;1602;3;39;0;24;41;0
162202028;1602;3;93;1;24;54;0
162202029;1602;3;47;0;24;61;0
162202030;1602;3;28;3;24;42;2
162202031;1602;3;86;8;24;56;10
162202032;1602;3;180;0;24;39;0
162202033;1602;3;76;1;24;61;2
162202034;1602;3;76;0;24;22;0
162202035;1602;3;57;0;24;41;0
162202036;1602;3;18;2;24;26;2
162202037;1602;3;158;5;24;34;5
162202038;1602;3;52;2;24;33;2
162202039;1602;3;36;3;24;26;1
162202040;1602;3;39;0;24;54;0
162202041;1602;3;107;0;24;37;0
162202042;1602;3;45;0;24;40;0
162202043;1602;3;42;0;24;31;0
162202044;1602;3;40;0;24;64;0
162202045;1602;3;22;0;24;52;0
162202046;1602;3;30;1;24;71;3
162202047;1602;3;16;0;24;41;0
162202048;1602;3;191;0;24;40;0
162202049;1602;3;141;28;24;49;9
162202050;1602;3;202;0;24;70;0
162202051;1602;3;26;2;24;56;1
162202052;1602;3;107;9;24;32;10
162202053;1602;3;141;0;24;46;0
162202054;1602;3;96;0;24;82;0
162202055;1602;3;66;6;24;109;0
162202056;1602;3;88;0;24;161;0
162202057;1602;3;113;0;24;172;1
162202058;1602;3;61;0;24;123;0
162202059;1602;3;59;0;24;118;0
162202060;1602;3;141;0;24;140;0
162202061;1602;3;125;0;24;104;0
162202062;1602;3;148;0;24;108;0
162202063;1602;3;131;0;24;126;0
162202064;1602;3;104;0;24;80;0
162202065;1602;3;126;2;24;111;8
162202066;1602;3;129;0;24;127;0
162202067;1602;3;198;0;24;128;2
162202068;1602;3;153;0;24;146;0
162202069;1602;3;131;0;24;82;0
162202070;1602;3;118;2;24;80;0
162202071;1602;3;2;0;24;1;0
162203001;1603;3;119;0;24;111;0
162203002;1603;3;149;0;24;112;0
162203003;1603;3;124;2;24;90;4
162203004;1603;3;122;0;24;129;0
162203005;1603;3;117;0;24;77;0
162203006;1603;3;112;1;24;154;1
162203007;1603;3;100;0;24;114;0
162203008;1603;3;102;0;24;116;0
162203009;1603;3;109;2;24;106;0
162203010;1603;3;159;0;24;106;0
162203011;1603;3;126;0;24;106;0
162203012;1603;3;156;0;24;103;0
162203013;1603;3;181;1;24;122;3
162203014;1603;3;1;0;24;5;0
162203015;1603;3;135;0;24;66;0
162203016;1603;3;94;0;24;92;0
162203017;1603;3;91;0;24;139;0
162203018;1603;3;139;0;24;99;0
162203019;1603;3;159;3;24;107;3
162203020;1603;3;99;0;24;103;0
162203021;1603;3;114;0;24;139;0
162203022;1603;3;112;0;24;145;0
162203023;1603;3;141;4;24;121;5
162203024;1603;3;100;0;24;117;0
162203025;1603;3;76;0;24;118;0
162203026;1603;3;110;4;24;123;4
162203027;1603;3;99;0;24;93;0
162203028;1603;3;110;0;24;93;0
162203029;1603;3;91;0;24;125;0
162203030;1603;3;117;0;24;119;0
162203031;1603;3;138;0;24;126;0
162203032;1603;3;111;0;24;127;0
162203033;1603;3;107;0;24;80;0
162203034;1603;3;145;0;24;109;0
162203035;1603;3;90;1;24;107;0
162203036;1603;3;132;0;24;132;0
162203037;1603;3;94;1;24;112;2
162203038;1603;3;124;0;24;109;0
162203039;1603;3;110;0;24;146;3
162203040;1603;3;81;0;24;109;0
162203041;1603;3;129;0;24;85;0
162203042;1603;3;109;0;24;130;0
162203043;1603;3;150;0;24;140;0
162203044;1603;3;170;0;24;128;2
162203045;1603;3;148;1;24;126;0
162203046;1603;3;102;1;24;75;1
162203047;1603;3;47;0;24;32;0
162203048;1603;3;5;0;24;3;0
162203049;1603;3;2;0;24;8;0
162203050;1603;3;2;0;24;0;0
162204001;1604;3;89;0;24;83;0
162204002;1604;3;76;0;24;67;0
162204003;1604;3;99;0;24;101;0
162204004;1604;3;120;0;24;121;0
162204005;1604;3;126;0;24;127;6
162204006;1604;3;73;0;24;73;0
162204007;1604;3;57;0;24;52;0
162204008;1604;3;79;0;24;69;0
162204009;1604;3;120;0;24;123;0
162204010;1604;3;116;0;24;115;0
162204011;1604;3;172;0;24;155;0
162204012;1604;3;116;0;24;103;0
162204013;1604;3;175;0;24;124;0
162204014;1604;3;192;6;24;43;2
162204015;1604;3;184;3;24;79;6
162204016;1604;3;158;9;24;9;2
162204017;1604;3;148;0;24;104;0
162204018;1604;3;106;1;24;79;0
162204019;1604;3;191;0;24;129;0
162204020;1604;3;161;0;24;111;0
162204021;1604;3;123;0;24;89;0
162204022;1604;3;67;1;24;79;0
162204023;1604;3;212;0;24;165;0
162204024;1604;3;126;0;24;101;0
162204025;1604;3;80;0;24;74;0
162204026;1604;3;146;1;24;120;1
162204027;1604;3;107;0;24;56;0
162204028;1604;3;96;0;24;85;0
162204029;1604;3;103;0;24;112;0
162204030;1604;3;88;0;24;86;1
162204031;1604;3;116;0;24;133;0
162204032;1604;3;137;0;24;87;0
162204033;1604;3;112;0;24;18;0
162204034;1604;3;153;0;24;123;0
162204035;1604;3;138;0;24;92;0
162204036;1604;3;96;2;24;67;0
162204037;1604;3;221;0;24;133;0
162204038;1604;3;179;1;24;130;3
162204039;1604;3;126;0;24;128;0
162204040;1604;3;141;0;24;116;1
162204041;1604;3;144;0;24;98;0
162204042;1604;3;70;0;24;76;0
162204043;1604;3;112;0;24;100;0
162204044;1604;3;151;0;24;141;0
162204045;1604;3;230;2;24;33;2
162204046;1604;3;152;0;24;135;2
162204047;1604;3;85;0;24;62;0
162204048;1604;3;80;0;24;71;2
162204049;1604;3;66;0;24;68;0
162204050;1604;3;90;0;24;62;1
162204051;1604;3;92;0;24;74;0
162204052;1604;3;154;0;24;102;0
162204053;1604;3;123;0;24;130;0
162204054;1604;3;95;0;24;56;0
162204055;1604;3;90;0;24;71;0
162204056;1604;3;74;0;24;64;0
162204057;1604;3;80;0;24;88;0
162204058;1604;3;107;4;24;142;4
162204059;1604;3;90;0;24;67;0
162204060;1604;3;123;0;24;135;0
162204061;1604;3;205;0;24;146;0
162204062;1604;3;108;0;24;115;0
162204063;1604;3;127;0;24;82;0
162204064;1604;3;172;0;24;152;0
162204065;1604;3;111;2;24;86;1
162204066;1604;3;8;0;24;12;0
162204067;1604;3;0;0;24;0;0
162204068;1604;3;1;0;24;3;0
162205001;1605;3;70;0;24;69;0
162205002;1605;3;102;0;24;137;0
162205003;1605;3;102;0;24;105;0
162205004;1605;3;90;0;24;87;0
162205005;1605;3;135;0;24;118;0
162205006;1605;3;147;3;24;107;0
162205007;1605;3;87;0;24;61;0
162205008;1605;3;166;0;24;127;0
162205009;1605;3;129;0;24;117;0
162205010;1605;3;152;1;24;145;0
162205011;1605;3;109;0;24;155;0
162205012;1605;3;100;0;24;116;0
162205013;1605;3;80;0;24;94;0
162205014;1605;3;96;0;24;80;0
162205015;1605;3;83;0;24;72;0
162205016;1605;3;123;1;24;102;0
162205017;1605;3;118;1;24;148;2
162205018;1605;3;88;0;24;96;0
162205019;1605;3;143;0;24;118;0
162205020;1605;3;159;2;24;185;0
162205021;1605;3;130;0;24;152;0
162205022;1605;3;63;0;24;86;0
162205023;1605;3;60;0;24;147;0
162205024;1605;3;81;0;24;114;0
162205025;1605;3;81;0;24;129;0
162205026;1605;3;139;0;24;134;0
162205027;1605;3;84;1;24;124;2
162205028;1605;3;58;1;24;83;0
162205029;1605;3;59;0;24;101;0
162205030;1605;3;84;4;24;120;4
162205031;1605;3;104;1;24;145;1
162205032;1605;3;88;0;24;105;0
162205033;1605;3;102;0;24;149;0
162205034;1605;3;115;0;24;107;0
162205035;1605;3;80;0;24;109;0
162205036;1605;3;103;0;24;95;0
162205037;1605;3;84;0;24;132;0
162205038;1605;3;122;2;24;151;0
162205039;1605;3;106;0;24;95;0
162205040;1605;3;96;0;24;115;0
162205041;1605;3;137;0;24;106;0
162205042;1605;3;124;0;24;122;0
162205043;1605;3;138;0;24;139;0
162205044;1605;3;143;0;24;158;0
162205045;1605;3;104;0;24;87;0
162205046;1605;3;68;0;24;66;0
162205047;1605;3;84;0;24;134;0
162205048;1605;3;113;0;24;118;0
162205049;1605;3;94;0;24;148;0
162205050;1605;3;121;0;24;169;0
162205051;1605;3;123;0;24;138;0
162205052;1605;3;98;0;24;111;0
162205053;1605;3;59;0;24;85;0
162205054;1605;3;53;0;24;61;0
162205055;1605;3;90;2;24;112;0
162205056;1605;3;84;2;24;125;0
162205057;1605;3;111;0;24;125;0
162205058;1605;3;124;0;24;142;0
162205059;1605;3;99;0;24;126;0
162205060;1605;3;96;0;24;130;0
162205061;1605;3;111;0;24;81;0
162205062;1605;3;140;0;24;143;0
162205063;1605;3;151;3;24;159;7
162205064;1605;3;104;0;24;142;0
162205065;1605;3;83;0;24;123;0
162205066;1605;3;118;0;24;117;0
162205067;1605;3;52;0;24;64;0
162205068;1605;3;72;0;24;87;0
162205069;1605;3;137;9;24;140;0
162205070;1605;3;89;0;24;97;1
162205071;1605;3;173;4;24;126;4
162205072;1605;3;93;0;24;136;0
162205073;1605;3;91;0;24;109;1
162205074;1605;3;91;0;24;115;0
162205075;1605;3;107;0;24;128;0
162205076;1605;3;76;0;24;82;0
162205077;1605;3;83;3;24;79;3
162205078;1605;3;108;0;24;110;0
162205079;1605;3;120;0;24;152;0
162205080;1605;3;147;2;24;120;0
162205081;1605;3;136;0;24;107;0
162205082;1605;3;151;0;24;147;0
162205083;1605;3;122;0;24;96;0
162205084;1605;3;74;1;24;96;1
162205085;1605;3;165;0;24;174;0
162205086;1605;3;67;0;24;86;0
162205087;1605;3;64;1;24;92;0
162205088;1605;3;103;0;24;61;0
162205089;1605;3;122;0;24;94;0
162205090;1605;3;140;0;24;111;0
162205091;1605;3;127;0;24;89;0
162205092;1605;3;74;0;24;87;0
162205093;1605;3;94;0;24;94;0
162205094;1605;3;105;0;24;111;0
162205095;1605;3;91;4;24;98;4
162205096;1605;3;1;0;24;13;0
162205097;1605;3;7;0;24;11;0
162205098;1605;3;3;0;24;1;0
162205099;1605;3;0;0;24;5;0
162205100;1605;3;2;0;24;7;0
162206001;1606;3;111;0;24;88;0
162206002;1606;3;134;0;24;120;0
162206003;1606;3;68;0;24;93;0
162206004;1606;3;101;0;24;99;0
162206005;1606;3;99;0;24;126;0
162206006;1606;3;69;0;24;86;0
162206007;1606;3;72;0;24;105;0
162206008;1606;3;82;0;24;140;0
162206009;1606;3;113;0;24;114;0
162206010;1606;3;96;0;24;68;0
162206011;1606;3;110;0;24;121;0
162206012;1606;3;115;0;24;92;1
162206013;1606;3;101;0;24;74;2
162206014;1606;3;121;0;24;69;0
162206015;1606;3;96;0;24;115;0
162206016;1606;3;90;0;24;124;0
162206017;1606;3;83;0;24;92;0
162206018;1606;3;89;0;24;95;0
162206019;1606;3;90;0;24;119;0
162206020;1606;3;96;1;24;110;1
162206021;1606;3;191;1;24;61;0
162206022;1606;3;148;3;24;61;1
162206023;1606;3;130;0;24;101;0
162206024;1606;3;123;2;24;87;2
162206025;1606;3;103;0;24;104;0
162206026;1606;3;115;0;24;117;0
162206027;1606;3;47;0;24;79;0
162206028;1606;3;101;0;24;109;0
162206029;1606;3;116;0;24;119;0
162206030;1606;3;87;0;24;77;0
162206031;1606;3;67;0;24;103;0
162206032;1606;3;74;0;24;122;0
162206033;1606;3;109;2;24;107;1
162206034;1606;3;143;0;24;121;0
162206035;1606;3;70;1;24;126;4
162206036;1606;3;131;0;24;114;0
162206037;1606;3;109;2;24;115;2
162206038;1606;3;100;0;24;99;0
162206039;1606;3;71;0;24;105;0
162206040;1606;3;75;0;24;74;0
162206041;1606;3;84;0;24;136;0
162206042;1606;3;61;0;24;67;0
162206043;1606;3;105;0;24;114;0
162206044;1606;3;95;3;24;62;6
162206045;1606;3;130;0;24;47;0
162206046;1606;3;81;0;24;84;0
162206047;1606;3;153;1;24;102;5
162206048;1606;3;130;0;24;119;0
162206049;1606;3;125;9;24;128;14
162206050;1606;3;85;0;24;127;0
162206051;1606;3;74;0;24;124;0
162206052;1606;3;89;0;24;121;0
162206053;1606;3;100;0;24;80;0
162206054;1606;3;108;2;24;107;1
162206055;1606;3;101;0;24;153;0
162206056;1606;3;137;0;24;130;0
162206057;1606;3;141;0;24;125;0
162206058;1606;3;129;0;24;113;1
162206059;1606;3;145;1;24;133;1
162206060;1606;3;100;0;24;109;0
162206061;1606;3;168;0;24;154;0
162206062;1606;3;177;0;24;163;0
162206063;1606;3;174;0;24;166;0
162206064;1606;3;131;0;24;150;0
162206065;1606;3;127;0;24;153;0
162206066;1606;3;144;0;24;154;0
162206067;1606;3;137;6;24;79;9
162206068;1606;3;194;0;24;124;0
162206069;1606;3;142;0;24;95;0
162206070;1606;3;113;0;24;134;0
162206071;1606;3;96;0;24;127;0
162206072;1606;3;5;0;24;4;0
162206073;1606;3;2;1;24;1;0
224601001;2201;15;33;0;27;40;0
224601002;2201;15;48;0;27;73;0
224601003;2201;15;34;0;27;80;0
224601004;2201;15;41;0;27;79;0
224601005;2201;15;47;0;27;116;0
224601006;2201;15;39;0;27;81;0
224601007;2201;15;60;2;27;72;4
224601008;2201;15;52;0;27;73;1
224601009;2201;15;55;0;27;109;0
224601010;2201;15;50;0;27;95;0
224601011;2201;15;34;0;27;103;0
224601012;2201;15;50;0;27;76;0
224601013;2201;15;50;0;27;92;0
224601014;2201;15;48;0;27;108;0
224601015;2201;15;39;0;27;52;0
224601016;2201;15;48;0;27;68;0
224601017;2201;15;46;0;27;67;0
224601018;2201;15;37;0;27;74;0
224601019;2201;15;38;0;27;112;1
224601020;2201;15;58;0;27;71;0
224601021;2201;15;53;1;27;86;1
224601022;2201;15;48;0;27;91;0
224601023;2201;15;32;0;27;83;0
224601024;2201;15;34;0;27;105;0
224601025;2201;15;38;0;27;68;0
224601026;2201;15;38;0;27;103;0
224601027;2201;15;33;0;27;100;0
224601028;2201;15;51;0;27;58;0
224601029;2201;15;43;0;27;106;0
224601030;2201;15;46;0;27;83;0
224601031;2201;15;37;0;27;79;0
224601032;2201;15;37;0;27;105;0
224601033;2201;15;30;0;27;127;1
224601034;2201;15;32;1;27;90;0
224601035;2201;15;58;0;27;106;0
224601036;2201;15;67;1;27;148;0
224601037;2201;15;51;0;27;147;0
224601038;2201;15;48;0;27;147;0
224601039;2201;15;79;0;27;81;0
224601040;2201;15;51;0;27;78;0
224601041;2201;15;62;0;27;96;0
224601042;2201;15;37;0;27;74;0
224601045;2201;15;2;0;27;2;0
224602001;2202;15;49;0;27;37;0
224602002;2202;15;56;0;27;53;0
224602003;2202;15;58;0;27;46;0
224602004;2202;15;44;0;27;45;0
224602005;2202;15;49;0;27;69;0
224602006;2202;15;35;0;27;44;1
224602007;2202;15;61;0;27;55;0
224602008;2202;15;40;0;27;66;0
224602009;2202;15;79;0;27;64;0
224602010;2202;15;48;0;27;56;0
224602011;2202;15;59;0;27;50;0
224602012;2202;15;55;0;27;55;0
224602013;2202;15;54;0;27;76;0
224602014;2202;15;69;0;27;74;0
224602015;2202;15;63;0;27;53;1
224602016;2202;15;108;2;27;73;0
224602017;2202;15;53;0;27;64;0
224602018;2202;15;86;1;27;90;0
224602019;2202;15;74;0;27;54;0
224602020;2202;15;53;0;27;56;0
224602021;2202;15;40;0;27;79;0
224602022;2202;15;66;0;27;78;0
224602023;2202;15;50;0;27;60;0
224602024;2202;15;48;3;27;69;1
224602025;2202;15;46;0;27;63;0
224602026;2202;15;63;0;27;66;0
224602027;2202;15;45;0;27;64;0
224602028;2202;15;36;0;27;62;0
224602029;2202;15;42;0;27;78;0
224602030;2202;15;59;0;27;65;0
224602031;2202;15;60;0;27;69;0
224602032;2202;15;52;0;27;37;0
224602033;2202;15;29;0;27;45;0
224602034;2202;15;46;0;27;34;0
224602035;2202;15;39;0;27;34;0
224602036;2202;15;36;0;27;45;0
224602037;2202;15;35;0;27;45;0
224602038;2202;15;62;0;27;55;1
224602039;2202;15;60;0;27;47;0
224602040;2202;15;55;0;27;45;0
224602041;2202;15;47;0;27;54;0
224602042;2202;15;28;1;27;47;0
224602043;2202;15;42;0;27;45;0
224602044;2202;15;37;0;27;41;0
224602045;2202;15;39;0;27;75;0
224602046;2202;15;48;0;27;76;0
224602047;2202;15;54;0;27;71;0
224602048;2202;15;50;0;27;90;0
224602049;2202;15;53;0;27;78;0
224602050;2202;15;41;0;27;36;0
224602051;2202;15;34;0;27;47;0
224602052;2202;15;52;0;27;36;0
224602053;2202;15;36;0;27;52;0
224602054;2202;15;33;0;27;40;0
224602055;2202;15;46;0;27;54;0
224602056;2202;15;55;0;27;56;0
224602057;2202;15;43;0;27;64;0
224602058;2202;15;42;0;27;40;0
224602059;2202;15;81;0;27;39;1
224602060;2202;15;50;0;27;68;0
224602061;2202;15;46;0;27;82;0
224602062;2202;15;47;0;27;86;1
224602063;2202;15;44;0;27;71;0
224602064;2202;15;34;0;27;70;0
224602065;2202;15;55;0;27;88;0
224602066;2202;15;60;0;27;145;0
224602067;2202;15;50;2;27;99;2
224602068;2202;15;65;0;27;50;1
224602069;2202;15;62;0;27;68;0
224602070;2202;15;68;0;27;60;0
224602071;2202;15;51;0;27;40;1
224602072;2202;15;49;0;27;42;0
224602073;2202;15;39;0;27;56;0
224602074;2202;15;62;0;27;68;0
224602075;2202;15;73;1;27;76;1
224602076;2202;15;44;3;27;49;0
224602077;2202;15;59;0;27;39;0
224602078;2202;15;35;0;27;35;0
224602079;2202;15;64;0;27;47;0
224602080;2202;15;45;0;27;52;0
224602081;2202;15;64;2;27;41;0
224602082;2202;15;42;0;27;40;0
224602083;2202;15;58;0;27;32;0
224602084;2202;15;55;1;27;66;0
224602085;2202;15;72;0;27;49;0
224602086;2202;15;42;3;27;51;1
224602087;2202;15;37;0;27;43;0
224602088;2202;15;43;1;27;32;0
224602089;2202;15;80;0;27;74;0
224602090;2202;15;32;1;27;44;0
224602091;2202;15;51;1;27;51;1
224602092;2202;15;51;1;27;37;1
224602096;2202;15;9;1;27;12;0
224604001;2204;15;17;0;27;14;0
224604002;2204;15;31;0;27;50;0
224604003;2204;15;25;0;27;28;0
224604004;2204;15;22;0;27;23;0
224604005;2204;15;32;0;27;17;0
224604006;2204;15;26;0;27;19;0
224604007;2204;15;42;0;27;19;0
224604008;2204;15;31;1;27;35;0
224604009;2204;15;42;1;27;47;0
224604010;2204;15;28;0;27;32;0
224604011;2204;15;19;0;27;20;0
224604012;2204;15;38;0;27;26;0
224604013;2204;15;25;0;27;43;0
224604016;2204;15;35;0;27;73;0
224604018;2204;15;37;0;27;48;0
224604020;2204;15;29;0;27;29;0
224604021;2204;15;27;0;27;32;0
224604022;2204;15;42;0;27;35;0
224604023;2204;15;40;0;27;40;0
224604024;2204;15;39;0;27;51;0
224604025;2204;15;38;1;27;54;0
224604027;2204;15;76;0;27;59;0
224604028;2204;15;59;0;27;75;0
224604029;2204;15;54;0;27;48;0
224604030;2204;15;31;0;27;29;0
224604031;2204;15;31;0;27;32;3
224604033;2204;15;49;1;27;59;1
224604034;2204;15;49;0;27;81;0
224604035;2204;15;39;0;27;43;0
224604036;2204;15;50;1;27;61;1
224604037;2204;15;29;0;27;52;0
224604038;2204;15;36;0;27;55;0
224604039;2204;15;30;0;27;37;0
224604040;2204;15;36;0;27;68;0
224604042;2204;15;27;0;27;34;0
224604043;2204;15;15;0;27;41;0
224604044;2204;15;50;0;27;71;0
224604045;2204;15;50;0;27;63;0
224604046;2204;15;42;0;27;42;0
224604047;2204;15;24;0;27;41;0
224604049;2204;15;33;0;27;36;0
224604050;2204;15;11;0;27;19;0
224604051;2204;15;46;0;27;81;0
224604053;2204;15;46;0;27;57;0
224604054;2204;15;39;0;27;43;0
224604055;2204;15;64;0;27;80;0
224604056;2204;15;34;0;27;29;0
224604057;2204;15;43;0;27;65;0
224604058;2204;15;58;0;27;61;0
224604059;2204;15;5;0;27;4;0
224605001;2205;15;30;0;27;33;0
224605002;2205;15;14;0;27;20;0
224605003;2205;15;35;0;27;25;0
224605004;2205;15;29;0;27;19;0
224605005;2205;15;54;0;27;32;0
224605006;2205;15;51;0;27;26;0
224605007;2205;15;62;0;27;20;0
224605008;2205;15;68;0;27;39;0
224605009;2205;15;63;0;27;44;0
224605010;2205;15;52;0;27;31;0
224605011;2205;15;67;0;27;17;0
224605012;2205;15;92;1;27;41;0
224605013;2205;15;78;0;27;42;0
224605014;2205;15;94;0;27;32;0
224605015;2205;15;72;1;27;31;0
224605016;2205;15;100;0;27;27;0
224605017;2205;15;81;0;27;28;0
224605018;2205;15;64;0;27;46;0
224605019;2205;15;51;0;27;26;0
224605020;2205;15;40;0;27;6;0
224605021;2205;15;52;0;27;18;0
224605022;2205;15;38;0;27;10;0
224605023;2205;15;54;0;27;18;0
224605024;2205;15;8;1;27;6;0
224605025;2205;15;42;0;27;35;0
224605026;2205;15;53;2;27;19;0
224605027;2205;15;56;0;27;35;0
224605028;2205;15;36;0;27;32;0
224605029;2205;15;36;0;27;24;0
224605030;2205;15;48;0;27;27;0
224605031;2205;15;30;0;27;14;0
224605032;2205;15;35;0;27;15;0
224605033;2205;15;50;0;27;24;0
224605034;2205;15;64;0;27;29;0
224605035;2205;15;64;0;27;12;0
224605036;2205;15;56;0;27;25;0
224605037;2205;15;28;0;27;16;0
224605038;2205;15;56;1;27;13;0
224605039;2205;15;45;0;27;21;0
224605040;2205;15;31;1;27;18;0
224605041;2205;15;51;0;27;49;0
224605042;2205;15;37;0;27;20;0
224605043;2205;15;75;4;27;14;0
224605044;2205;15;52;1;27;38;0
224605045;2205;15;116;8;27;29;1
224605046;2205;15;34;1;27;13;0
224605047;2205;15;42;0;27;33;0
224605048;2205;15;31;0;27;26;0
224605049;2205;15;31;0;27;16;0
224605050;2205;15;48;0;27;28;0
224605051;2205;15;45;0;27;35;1
224605052;2205;15;25;0;27;12;0
224605053;2205;15;34;0;27;16;0
224605054;2205;15;55;0;27;22;0
224605055;2205;15;29;0;27;19;0
224605056;2205;15;41;0;27;24;0
224605057;2205;15;54;0;27;22;0
224605058;2205;15;68;1;27;27;0
224605059;2205;15;85;0;27;37;0
224605060;2205;15;69;0;27;40;0
224605061;2205;15;84;0;27;32;0
224605062;2205;15;10;0;27;5;0
224607001;2207;15;24;0;27;34;0
224607002;2207;15;24;0;27;23;0
224607003;2207;15;20;0;27;44;1
224607004;2207;15;66;0;27;41;0
224607005;2207;15;53;0;27;27;0
224607006;2207;15;60;0;27;36;0
224607007;2207;15;48;2;27;51;1
224607008;2207;15;43;0;27;29;0
224607009;2207;15;40;0;27;45;0
224607010;2207;15;34;0;27;53;0
224607011;2207;15;17;0;27;32;0
224607012;2207;15;23;0;27;28;0
224607013;2207;15;29;0;27;28;0
224607014;2207;15;31;0;27;30;0
224607015;2207;15;38;0;27;41;0
224607016;2207;15;73;0;27;48;0
224607017;2207;15;52;0;27;63;0
224607018;2207;15;35;0;27;35;0
224607019;2207;15;48;0;27;63;0
224607020;2207;15;36;0;27;28;0
224607021;2207;15;34;0;27;40;0
224607022;2207;15;33;0;27;33;0
224607023;2207;15;11;0;27;30;0
224607024;2207;15;48;0;27;23;0
224607025;2207;15;84;0;27;54;0
224607026;2207;15;42;0;27;55;0
224607027;2207;15;31;0;27;24;0
224607028;2207;15;59;0;27;92;0
224607029;2207;15;42;0;27;41;0
224607030;2207;15;29;0;27;32;0
224607031;2207;15;37;0;27;28;0
224607032;2207;15;40;0;27;44;1
224607033;2207;15;27;0;27;33;1
224607034;2207;15;25;0;27;38;0
224607035;2207;15;28;0;27;27;0
224607036;2207;15;36;0;27;37;0
224607037;2207;15;35;0;27;24;0
224607038;2207;15;18;1;27;28;0
224607039;2207;15;43;0;27;53;0
224607040;2207;15;32;0;27;49;0
224607041;2207;15;28;0;27;18;0
224607042;2207;15;68;0;27;63;0
224607043;2207;15;43;0;27;42;0
224607044;2207;15;52;0;27;46;0
224607045;2207;15;46;0;27;38;0
224607046;2207;15;59;0;27;37;0
224607047;2207;15;51;0;27;44;0
224607048;2207;15;46;0;27;33;0
224607049;2207;15;54;0;27;34;0
224607050;2207;15;47;0;27;38;0
224607051;2207;15;41;0;27;31;0
224607052;2207;15;65;0;27;26;0
224607053;2207;15;31;0;27;20;0
224607054;2207;15;48;0;27;11;0
224607055;2207;15;61;0;27;41;0
224607056;2207;15;36;0;27;30;0
224607057;2207;15;49;0;27;27;0
224607058;2207;15;37;1;27;16;0
224607059;2207;15;44;0;27;23;0
224607060;2207;15;78;0;27;36;1
224607061;2207;15;21;0;27;10;0
224607062;2207;15;42;0;27;16;0
224607063;2207;15;33;0;27;31;0
224607064;2207;15;22;0;27;12;0
224607065;2207;15;19;0;27;14;0
224607066;2207;15;37;0;27;19;0
224607067;2207;15;9;0;27;18;0
224607068;2207;15;30;0;27;20;0
224607069;2207;15;24;0;27;42;0
224607070;2207;15;14;0;27;6;0
224607071;2207;15;19;0;27;14;0
224607072;2207;15;10;0;27;1;0
224607073;2207;15;59;0;27;3;0
224607074;2207;15;28;2;27;2;0
224607075;2207;15;27;0;27;2;0
224607076;2207;15;22;0;27;6;0
224607077;2207;15;50;0;27;3;0
224607078;2207;15;19;0;27;10;0
224607079;2207;15;29;0;27;24;0
224607080;2207;15;53;0;27;59;0
224607081;2207;15;24;0;27;37;0
224607082;2207;15;33;0;27;35;0
224607083;2207;15;34;0;27;36;0
224607084;2207;15;32;0;27;31;0
224607085;2207;15;22;0;27;25;0
224608001;2208;15;61;0;27;66;0
224608002;2208;15;47;0;27;60;1
224608003;2208;15;50;0;27;95;0
224608004;2208;15;57;0;27;66;0
224608005;2208;15;56;0;27;48;0
224608006;2208;15;70;0;27;41;0
224608007;2208;15;24;0;27;27;0
224608008;2208;15;45;0;27;41;0
224608009;2208;15;60;0;27;36;0
224608010;2208;15;63;0;27;32;0
224608011;2208;15;61;2;27;55;2
224608012;2208;15;79;0;27;58;0
224608013;2208;15;48;0;27;51;0
224608014;2208;15;63;0;27;42;0
224608015;2208;15;53;0;27;46;0
224608016;2208;15;45;0;27;14;0
224608017;2208;15;74;0;27;46;0
224608018;2208;15;72;0;27;37;0
224608019;2208;15;78;1;27;39;0
224608020;2208;15;55;0;27;93;0
224608021;2208;15;63;0;27;65;0
224608022;2208;15;74;0;27;53;0
224608023;2208;15;50;0;27;44;0
224608024;2208;15;79;0;27;69;0
224608025;2208;15;76;0;27;56;0
224608026;2208;15;59;0;27;49;0
224608027;2208;15;41;0;27;56;0
224608028;2208;15;73;0;27;43;0
224608029;2208;15;74;0;27;66;0
224608030;2208;15;45;0;27;34;0
224608031;2208;15;47;1;27;37;0
224608032;2208;15;44;0;27;45;0
224608033;2208;15;58;0;27;28;0
224608034;2208;15;49;0;27;54;0
224608038;2208;15;3;0;27;13;0
224609001;2209;15;69;0;27;65;0
224609002;2209;15;32;1;27;46;0
224609003;2209;15;53;0;27;49;0
224609004;2209;15;63;0;27;65;0
224609005;2209;15;80;0;27;71;0
224609006;2209;15;71;0;27;71;0
224609007;2209;15;60;0;27;45;0
224609008;2209;15;90;0;27;63;0
224609009;2209;15;109;0;27;84;0
224609010;2209;15;67;0;27;65;0
224609011;2209;15;33;0;27;42;0
224609012;2209;15;69;0;27;79;0
224609013;2209;15;63;0;27;71;0
224609014;2209;15;69;0;27;56;0
224609015;2209;15;50;0;27;38;0
224609016;2209;15;69;0;27;74;0
224609017;2209;15;45;0;27;32;0
224609018;2209;15;56;0;27;60;0
224609019;2209;15;32;0;27;38;0
224609020;2209;15;41;0;27;31;0
224609021;2209;15;44;0;27;43;0
224609022;2209;15;80;0;27;48;0
224609023;2209;15;67;1;27;38;0
224609024;2209;15;58;1;27;39;1
224609025;2209;15;56;0;27;55;0
224609026;2209;15;65;0;27;74;0
224609027;2209;15;83;0;27;45;0
224609028;2209;15;49;0;27;37;0
224609029;2209;15;64;0;27;51;0
224609030;2209;15;52;0;27;39;0
224609031;2209;15;37;0;27;38;0
224609032;2209;15;36;0;27;35;0
224609033;2209;15;43;0;27;34;0
224609034;2209;15;50;0;27;46;0
224609035;2209;15;21;0;27;28;0
224609036;2209;15;67;1;27;43;0
224609037;2209;15;41;0;27;34;0
224609038;2209;15;75;0;27;25;0
224609039;2209;15;54;0;27;52;0
224609040;2209;15;47;0;27;39;0
224609041;2209;15;39;0;27;60;0
224609042;2209;15;70;0;27;50;0
224609043;2209;15;36;0;27;27;0
224609044;2209;15;63;0;27;57;0
224609045;2209;15;79;0;27;43;0
224609046;2209;15;56;0;27;43;0
224609047;2209;15;56;1;27;56;1
224609048;2209;15;54;0;27;37;0
224609049;2209;15;47;0;27;37;0
224609050;2209;15;54;0;27;37;0
224609051;2209;15;50;0;27;56;0
224609052;2209;15;33;0;27;35;0
224609053;2209;15;45;0;27;51;0
224609054;2209;15;73;3;27;32;0
224609055;2209;15;53;0;27;55;0
224609056;2209;15;66;0;27;54;0
224609057;2209;15;25;0;27;22;0
224609058;2209;15;48;0;27;41;0
224609059;2209;15;47;0;27;36;0
224609060;2209;15;34;0;27;41;0
224609061;2209;15;53;0;27;50;0
224609062;2209;15;46;0;27;29;0
224609063;2209;15;30;0;27;26;0
224609064;2209;15;41;0;27;22;0
224609065;2209;15;27;0;27;13;0
224609066;2209;15;12;0;27;14;0
224610001;2210;15;31;0;27;67;0
224610002;2210;15;26;0;27;46;0
224610003;2210;15;36;0;27;49;0
224610004;2210;15;21;0;27;20;0
224610005;2210;15;19;0;27;40;0
224610006;2210;15;28;0;27;48;0
224610007;2210;15;31;0;27;46;0
224610008;2210;15;36;0;27;43;0
224610009;2210;15;18;0;27;34;0
224610010;2210;15;26;0;27;64;0
224610011;2210;15;21;0;27;32;0
224610012;2210;15;19;1;27;36;0
224610013;2210;15;57;0;27;46;0
224610014;2210;15;30;0;27;33;0
224610015;2210;15;19;0;27;41;0
224610016;2210;15;33;0;27;47;0
224610017;2210;15;35;0;27;27;0
224610018;2210;15;43;1;27;48;0
224610019;2210;15;36;0;27;60;0
224610020;2210;15;28;0;27;37;0
224610021;2210;15;38;0;27;38;0
224610022;2210;15;25;0;27;35;0
224610023;2210;15;46;0;27;47;0
224610024;2210;15;38;0;27;37;0
224610025;2210;15;36;0;27;37;0
224610026;2210;15;35;0;27;39;0
224610027;2210;15;22;0;27;27;0
224610028;2210;15;42;0;27;37;0
224610029;2210;15;31;0;27;44;0
224610030;2210;15;43;0;27;34;0
224610031;2210;15;22;0;27;24;0
224610032;2210;15;44;0;27;38;0
224610033;2210;15;42;0;27;45;0
224610034;2210;15;69;0;27;50;0
224610035;2210;15;33;0;27;22;0
224610036;2210;15;74;0;27;46;0
224610037;2210;15;78;0;27;48;0
224610038;2210;15;44;0;27;27;0
224610039;2210;15;35;0;27;51;0
224610040;2210;15;62;0;27;30;0
224610041;2210;15;61;0;27;25;0
224610042;2210;15;64;1;27;52;0
224610043;2210;15;63;0;27;40;0
224610044;2210;15;99;1;27;44;0
224610045;2210;15;64;0;27;55;0
224610046;2210;15;27;0;27;20;0
224610047;2210;15;58;0;27;41;0
224610048;2210;15;52;0;27;45;1
224610049;2210;15;54;0;27;32;0
224610050;2210;15;30;0;27;41;0
224610051;2210;15;38;0;27;44;0
224610052;2210;15;67;0;27;40;0
224610053;2210;15;63;0;27;36;0
224610054;2210;15;31;0;27;38;0
224610055;2210;15;27;0;27;24;0
224610056;2210;15;29;0;27;48;0
224610057;2210;15;59;0;27;33;0
224610058;2210;15;37;0;27;22;0
224610059;2210;15;32;0;27;12;0
224610060;2210;15;21;1;27;14;0
224610061;2210;15;24;0;27;18;0
224610062;2210;15;23;0;27;24;0
224610063;2210;15;47;0;27;29;0
224610064;2210;15;31;0;27;30;1
224610065;2210;15;3;0;27;1;0
224610066;2210;15;30;0;27;28;0
224610067;2210;15;26;0;27;26;0
224610068;2210;15;53;0;27;42;0
224610069;2210;15;44;0;27;38;0
224610070;2210;15;52;0;27;34;0
224610071;2210;15;51;0;27;42;0
224610072;2210;15;44;0;27;27;0
224610073;2210;15;54;0;27;34;0
224610074;2210;15;56;0;27;33;0
224610075;2210;15;31;0;27;29;0
224610076;2210;15;39;0;27;18;0
224610077;2210;15;38;0;27;48;0
224610078;2210;15;45;1;27;29;1
224610079;2210;15;65;1;27;39;1
224610080;2210;15;49;0;27;49;0
224610081;2210;15;52;0;27;26;0
224610082;2210;15;44;0;27;28;0
224610083;2210;15;41;1;27;42;0
224610084;2210;15;17;0;27;24;0
224610085;2210;15;51;0;27;43;1
224610086;2210;15;21;0;27;21;0
224610087;2210;15;28;0;27;31;0
224610088;2210;15;48;0;27;42;0
224610089;2210;15;14;0;27;36;1
224610090;2210;15;32;0;27;20;0
224610091;2210;15;21;0;27;18;0
224610108;2210;15;6;0;27;9;0
224611001;2211;15;47;0;27;32;0
224611002;2211;15;60;0;27;26;0
224611003;2211;15;44;0;27;31;0
224611004;2211;15;48;0;27;20;0
224611005;2211;15;31;0;27;24;0
224611006;2211;15;41;0;27;9;0
224611007;2211;15;79;0;27;45;0
224611008;2211;15;44;0;27;32;0
224611009;2211;15;60;3;27;22;3
224611010;2211;15;58;0;27;41;0
224611011;2211;15;38;1;27;18;0
224611012;2211;15;62;0;27;50;0
224611013;2211;15;53;0;27;63;0
224611014;2211;15;75;0;27;67;0
224611015;2211;15;60;0;27;43;0
224611016;2211;15;47;0;27;20;0
224611017;2211;15;57;0;27;48;0
224611018;2211;15;67;1;27;61;0
224611019;2211;15;30;0;27;44;0
224611020;2211;15;56;0;27;60;0
224611021;2211;15;52;1;27;34;0
224611022;2211;15;55;0;27;63;0
224611023;2211;15;46;0;27;48;0
224611024;2211;15;57;0;27;34;0
224611025;2211;15;51;2;27;53;0
224611026;2211;15;39;0;27;34;1
224611027;2211;15;34;0;27;62;0
224611028;2211;15;48;0;27;77;0
224611029;2211;15;49;0;27;87;0
224611030;2211;15;36;0;27;96;0
224611031;2211;15;48;0;27;66;0
224611032;2211;15;44;0;27;153;0
224611033;2211;15;34;0;27;83;0
224611034;2211;15;42;0;27;107;0
224611035;2211;15;55;0;27;77;0
224611036;2211;15;38;0;27;90;0
224611037;2211;15;55;1;27;50;0
224611038;2211;15;29;0;27;66;0
224611039;2211;15;66;0;27;56;0
224611040;2211;15;54;1;27;40;0
224611041;2211;15;37;0;27;36;0
224611042;2211;15;39;0;27;73;0
224611043;2211;15;44;0;27;32;0
224611044;2211;15;48;1;27;23;0
224611045;2211;15;45;1;27;45;1
224611046;2211;15;42;0;27;36;0
224611047;2211;15;70;0;27;42;0
224611048;2211;15;58;0;27;39;0
224611049;2211;15;46;0;27;20;0
224611050;2211;15;29;0;27;35;0
224611051;2211;15;56;0;27;37;0
224611052;2211;15;59;0;27;28;0
224611053;2211;15;46;0;27;32;0
224611054;2211;15;49;0;27;39;0
224611055;2211;15;62;0;27;37;0
224611056;2211;15;13;1;27;11;0
224611057;2211;15;31;0;27;50;0
224611058;2211;15;54;1;27;1;0
224611059;2211;15;13;0;27;9;0
224611060;2211;15;20;0;27;15;0
224611061;2211;15;33;0;27;5;0
224611062;2211;15;64;0;27;8;0
224611063;2211;15;28;0;27;12;0
224611064;2211;15;46;4;27;3;0
224611065;2211;15;27;0;27;2;1
224611066;2211;15;54;0;27;4;0
224611067;2211;15;43;0;27;7;0
224611069;2211;15;62;0;27;24;0
224611070;2211;15;28;0;27;25;0
224611071;2211;15;27;0;27;0;0
224611074;2211;15;48;5;27;2;0
224612001;2212;15;82;0;39;26;0
224612002;2212;15;102;0;39;25;0
224612003;2212;15;70;0;39;36;0
224612004;2212;15;90;0;39;32;0
224612005;2212;15;75;0;39;33;0
224612006;2212;15;63;2;39;13;2
224612007;2212;15;71;0;39;32;0
224612008;2212;15;53;0;39;29;0
224612009;2212;15;66;0;39;32;0
224612010;2212;15;78;0;39;54;0
224612011;2212;15;79;1;39;43;0
224612012;2212;15;46;0;39;35;0
224612013;2212;15;47;0;39;44;0
224612014;2212;15;54;0;39;62;0
224612015;2212;15;69;0;39;43;0
224612016;2212;15;82;0;39;24;0
224612017;2212;15;94;0;39;51;0
224612018;2212;15;79;0;39;47;0
224612019;2212;15;37;0;39;28;0
224612020;2212;15;55;0;39;39;0
224612021;2212;15;70;0;39;54;0
224612022;2212;15;106;1;39;43;1
224612023;2212;15;132;0;39;45;0
224612024;2212;15;98;0;39;35;0
224612025;2212;15;98;0;39;34;0
224612026;2212;15;74;2;39;64;0
224612027;2212;15;92;0;39;51;0
224612028;2212;15;92;0;39;38;0
224612029;2212;15;66;0;39;23;0
224612030;2212;15;73;0;39;31;0
224612031;2212;15;94;0;39;87;0
224612032;2212;15;76;0;39;73;0
224612033;2212;15;81;1;39;63;0
224612034;2212;15;51;0;39;79;0
224612035;2212;15;43;0;39;34;0
224612036;2212;15;56;0;39;21;0
224612037;2212;15;64;0;39;14;0
224612038;2212;15;59;1;39;23;1
224612039;2212;15;67;0;39;55;1
224612040;2212;15;26;2;39;39;1
224612042;2212;15;1;0;39;15;0
224614001;2214;15;61;0;39;62;0
224614002;2214;15;65;1;39;72;1
224614003;2214;15;69;0;39;56;0
224614004;2214;15;49;0;39;48;0
224614005;2214;15;68;0;39;47;0
224614006;2214;15;66;0;39;55;0
224614007;2214;15;54;0;39;41;0
224614008;2214;15;50;3;39;68;0
224614009;2214;15;43;0;39;37;0
224614010;2214;15;60;0;39;51;0
224614011;2214;15;41;0;39;26;0
224614012;2214;15;59;0;39;49;0
224614013;2214;15;91;0;39;33;0
224614014;2214;15;58;0;39;42;0
224614015;2214;15;56;0;39;57;1
224614016;2214;15;70;0;39;49;0
224614017;2214;15;68;0;39;25;0
224614018;2214;15;56;0;39;34;0
224614019;2214;15;72;0;39;40;1
224614021;2214;15;59;0;39;43;0
224614022;2214;15;51;0;39;36;1
224614023;2214;15;56;0;39;46;0
224614024;2214;15;56;0;39;41;0
224614025;2214;15;68;0;39;37;0
224614026;2214;15;73;4;39;60;2
224614027;2214;15;92;0;39;68;0
224614028;2214;15;68;0;39;56;1
224614029;2214;15;50;0;39;29;0
224614030;2214;15;86;2;39;34;0
224614031;2214;15;53;0;39;19;0
224614032;2214;15;75;0;39;51;0
224614033;2214;15;59;0;39;35;0
224614034;2214;15;77;0;39;45;0
224614035;2214;15;48;0;39;36;0
224614036;2214;15;68;1;39;38;1
224614037;2214;15;52;0;39;56;0
224614038;2214;15;70;0;39;30;0
224614039;2214;15;64;2;39;49;1
224614040;2214;15;60;1;39;65;1
224614041;2214;15;53;0;39;38;1
224614042;2214;15;41;0;39;57;0
224614043;2214;15;43;0;39;32;0
224614044;2214;15;74;0;39;30;0
224614045;2214;15;72;0;39;49;0
224614046;2214;15;77;0;39;34;0
224614047;2214;15;71;0;39;40;0
224614048;2214;15;55;2;39;55;2
224614049;2214;15;73;0;39;39;0
224614050;2214;15;72;0;39;41;0
224614051;2214;15;57;0;39;59;0
224614052;2214;15;90;0;39;36;0
224614053;2214;15;72;0;39;57;0
224614054;2214;15;88;0;39;52;2
224614055;2214;15;79;1;39;34;0
224614056;2214;15;54;0;39;69;0
224614057;2214;15;76;0;39;54;0
224614058;2214;15;57;0;39;52;0
224614059;2214;15;83;0;39;26;0
224614060;2214;15;84;0;39;39;0
224614061;2214;15;48;0;39;42;0
224614062;2214;15;58;0;39;65;1
224614063;2214;15;79;0;39;41;0
224614064;2214;15;54;0;39;57;0
224614065;2214;15;58;1;39;32;1
224614066;2214;15;57;0;39;34;0
224614067;2214;15;55;0;39;17;0
224614068;2214;15;55;0;39;57;0
224614069;2214;15;49;0;39;28;0
224614070;2214;15;47;0;39;39;0
224614071;2214;15;30;0;39;54;0
224614072;2214;15;29;0;39;19;0
224614073;2214;15;54;0;39;70;0
224614074;2214;15;55;0;39;15;0
224614075;2214;15;44;0;39;29;2
224614076;2214;15;45;0;39;93;0
224614077;2214;15;74;0;39;74;2
224614078;2214;15;4;0;39;4;0
224615001;2215;15;35;0;39;30;0
224615002;2215;15;26;0;39;17;0
224615003;2215;15;22;0;39;32;0
224615004;2215;15;49;0;39;28;0
224615005;2215;15;35;0;39;33;0
224615006;2215;15;43;0;39;46;0
224615007;2215;15;63;0;39;29;1
224615008;2215;15;88;0;39;34;0
224615009;2215;15;69;0;39;36;0
224615010;2215;15;54;0;39;34;0
224615011;2215;15;67;0;39;35;0
224615012;2215;15;49;0;39;42;0
224615013;2215;15;41;0;39;17;0
224615014;2215;15;42;0;39;34;0
224615015;2215;15;36;0;39;49;0
224615016;2215;15;42;0;39;20;0
224615017;2215;15;79;0;39;27;1
224615018;2215;15;63;0;39;45;0
224615019;2215;15;48;1;39;45;0
224615020;2215;15;70;0;39;43;0
224615021;2215;15;71;0;39;62;0
224615022;2215;15;79;0;39;52;0
224615023;2215;15;128;2;39;59;1
224615024;2215;15;70;2;39;58;0
224615025;2215;15;58;0;39;36;1
224615026;2215;15;63;0;39;36;0
224615027;2215;15;47;0;39;26;0
224615028;2215;15;39;0;39;29;0
224615029;2215;15;51;0;39;77;0
224615030;2215;15;62;0;39;56;0
224615031;2215;15;74;0;39;68;1
224615032;2215;15;55;0;39;39;0
224615033;2215;15;47;0;39;30;0
224615034;2215;15;85;0;39;30;0
224615035;2215;15;88;0;39;28;0
224615036;2215;15;35;1;39;21;0
224615037;2215;15;58;0;39;39;0
224615038;2215;15;83;0;39;47;0
224615039;2215;15;72;0;39;25;0
224615040;2215;15;85;0;39;28;0
224615041;2215;15;104;1;39;36;0
224615042;2215;15;58;0;39;30;0
224615043;2215;15;59;0;39;28;0
224615044;2215;15;66;0;39;19;0
224615045;2215;15;79;0;39;39;0
224615046;2215;15;86;0;39;51;0
224615047;2215;15;83;0;39;36;0
224615048;2215;15;81;1;39;45;1
224615049;2215;15;53;0;39;37;0
224615050;2215;15;42;0;39;69;0
224615051;2215;15;65;0;39;78;0
224615052;2215;15;77;0;39;36;0
224615053;2215;15;106;0;39;61;0
224615054;2215;15;50;1;39;68;0
224615055;2215;15;45;0;39;14;0
224615056;2215;15;70;0;39;47;2
224615057;2215;15;72;0;39;36;0
224615058;2215;15;59;0;39;28;0
224615059;2215;15;42;0;39;13;0
224615060;2215;15;29;0;39;28;0
224615061;2215;15;62;0;39;35;0
224615062;2215;15;35;0;39;37;0
224615063;2215;15;45;0;39;38;0
224615064;2215;15;57;0;39;46;0
224615065;2215;15;61;0;39;48;0
224615066;2215;15;60;0;39;37;0
224615067;2215;15;55;0;39;35;0
224615068;2215;15;68;0;39;62;0
224615069;2215;15;66;0;39;75;0
224615070;2215;15;84;1;39;34;0
224615071;2215;15;77;0;39;55;1
224615072;2215;15;90;1;39;22;0
224615073;2215;15;53;0;39;11;0
224615074;2215;15;65;0;39;22;0
224615075;2215;15;62;0;39;36;0
224615076;2215;15;64;0;39;38;0
224615077;2215;15;80;2;39;30;0
224615078;2215;15;54;0;39;49;0
224615079;2215;15;59;0;39;33;0
224615080;2215;15;51;0;39;47;0
224615081;2215;15;60;0;39;29;0
224615082;2215;15;57;0;39;50;0
224615083;2215;15;49;0;39;80;0
224615084;2215;15;32;0;39;90;0
224615085;2215;15;68;0;39;57;0
224615086;2215;15;86;0;39;85;0
224615087;2215;15;117;0;39;77;0
224615088;2215;15;53;0;39;65;0
224615089;2215;15;50;0;39;63;0
224615090;2215;15;47;0;39;62;0
224615091;2215;15;52;0;39;60;0
224615092;2215;15;57;0;39;58;0
224615093;2215;15;77;0;39;33;0
224615094;2215;15;59;0;39;30;0
224615095;2215;15;94;0;39;37;0
224615096;2215;15;62;1;39;28;1
224615097;2215;15;66;1;39;31;0
224615098;2215;15;57;0;39;57;0
224615099;2215;15;76;0;39;51;2
224615100;2215;15;73;1;39;19;0
224615101;2215;15;72;0;39;34;0
224615102;2215;15;49;0;39;33;0
224615103;2215;15;54;0;39;22;0
224615104;2215;15;82;0;39;20;0
224615105;2215;15;78;0;39;38;0
224615106;2215;15;77;1;39;30;0
224615107;2215;15;40;0;39;31;0
224615108;2215;15;56;1;39;21;0
224615109;2215;15;73;0;39;21;0
224615110;2215;15;49;0;39;28;0
224615111;2215;15;63;1;39;25;0
224615112;2215;15;69;0;39;15;0
224615113;2215;15;60;0;39;19;0
224615114;2215;15;45;0;39;11;0
224615115;2215;15;58;0;39;28;0
224615116;2215;15;71;0;39;14;0
224615117;2215;15;64;0;39;22;0
224615118;2215;15;31;0;39;18;0
224615119;2215;15;56;0;39;7;0
224615120;2215;15;90;0;39;16;0
224615121;2215;15;42;0;39;32;0
224615122;2215;15;45;0;39;17;0
224615123;2215;15;69;0;39;23;0
224615124;2215;15;34;0;39;10;0
224615125;2215;15;28;0;39;12;0
224615126;2215;15;4;0;39;1;0
224616001;2216;15;45;0;27;45;0
224616002;2216;15;19;1;27;50;0
224616003;2216;15;9;0;27;34;0
224616004;2216;15;28;0;27;30;0
224616005;2216;15;28;0;27;35;0
224616006;2216;15;6;0;27;14;0
224616007;2216;15;61;0;27;51;0
224616008;2216;15;45;0;27;40;0
224616009;2216;15;59;0;27;48;0
224616010;2216;15;45;1;27;42;0
224616011;2216;15;36;0;27;50;0
224616013;2216;15;49;0;27;41;1
224616014;2216;15;45;0;27;25;0
224616015;2216;15;16;0;27;19;0
224616016;2216;15;60;2;27;53;1
224616017;2216;15;49;0;27;31;0
224616018;2216;15;54;0;27;41;0
224616019;2216;15;34;1;27;34;0
224616020;2216;15;35;0;27;37;0
224616021;2216;15;60;0;27;44;0
224616022;2216;15;27;0;27;29;0
224616023;2216;15;61;0;27;40;0
224616024;2216;15;55;1;27;30;1
224616025;2216;15;48;0;27;41;0
224616026;2216;15;46;0;27;15;0
224616027;2216;15;48;0;27;54;0
224616028;2216;15;42;0;27;40;0
224616029;2216;15;53;0;27;49;0
224616030;2216;15;44;0;27;32;0
224616031;2216;15;54;0;27;36;0
224616032;2216;15;52;0;27;18;0
224616033;2216;15;54;0;27;26;0
224616034;2216;15;82;2;27;18;0
224616035;2216;15;49;0;27;40;0
224616036;2216;15;67;0;27;26;1
224616037;2216;15;16;0;27;19;0
224616038;2216;15;27;0;27;22;0
224616039;2216;15;44;0;27;23;0
224616040;2216;15;60;0;27;29;1
224616041;2216;15;46;0;27;19;0
224616042;2216;15;67;0;27;31;0
224616043;2216;15;37;0;27;30;0
224616044;2216;15;40;0;27;15;0
224616045;2216;15;50;0;27;29;0
224616046;2216;15;21;0;27;39;1
224616047;2216;15;29;0;27;29;0
224616048;2216;15;44;0;27;61;0
224616049;2216;15;121;0;27;20;0
224616050;2216;15;28;0;27;42;1
224616051;2216;15;15;0;27;20;0
224616052;2216;15;41;0;27;25;0
224617001;2217;15;25;0;27;125;0
224617002;2217;15;17;0;27;71;0
224617003;2217;15;32;0;27;82;0
224617004;2217;15;30;0;27;77;0
224617005;2217;15;33;1;27;46;0
224617006;2217;15;26;0;27;40;0
224617007;2217;15;27;0;27;136;0
224617008;2217;15;31;0;27;98;0
224617009;2217;15;71;0;27;186;0
224617010;2217;15;57;0;27;97;0
224617011;2217;15;33;0;27;53;0
224617012;2217;15;40;0;27;228;0
224617013;2217;15;28;0;27;99;3
224617014;2217;15;211;0;27;123;0
224617015;2217;15;103;0;27;125;0
224617016;2217;15;157;0;27;143;0
224617017;2217;15;137;1;27;127;2
224617018;2217;15;127;2;27;115;3
224617019;2217;15;128;0;27;103;0
224617020;2217;15;31;0;27;132;0
224617021;2217;15;19;0;27;72;0
224617022;2217;15;57;0;27;131;0
224617023;2217;15;26;0;27;117;0
224617024;2217;15;32;0;27;85;0
224617025;2217;15;35;0;27;88;0
224617026;2217;15;28;0;27;83;0
224617027;2217;15;35;0;27;54;0
224617028;2217;15;27;0;27;54;0
224617029;2217;15;22;0;27;71;0
224617030;2217;15;34;0;27;68;0
224617031;2217;15;29;0;27;44;0
224617032;2217;15;37;0;27;72;0
224617033;2217;15;20;0;27;49;0
224617034;2217;15;51;0;27;75;0
224617035;2217;15;32;1;27;61;2
224617036;2217;15;36;0;27;39;0
224617037;2217;15;30;0;27;48;0
224617038;2217;15;28;0;27;47;0
224617039;2217;15;27;0;27;47;0
224617040;2217;15;15;0;27;67;0
224617041;2217;15;19;0;27;44;0
224617042;2217;15;31;0;27;28;0
224617043;2217;15;21;0;27;77;1
224617044;2217;15;15;0;27;24;0
224617045;2217;15;26;0;27;64;0
224617046;2217;15;29;0;27;52;0
224617047;2217;15;37;0;27;48;0
224617048;2217;15;25;0;27;50;0
224617049;2217;15;26;0;27;53;0
224617050;2217;15;42;0;27;73;0
224617051;2217;15;33;0;27;85;0
224617052;2217;15;20;0;27;54;0
224617053;2217;15;42;0;27;98;0
224617054;2217;15;27;0;27;67;0
224617055;2217;15;29;0;27;60;0
224617056;2217;15;29;0;27;71;0
224617057;2217;15;21;0;27;61;0
224617058;2217;15;42;0;27;62;0
224617059;2217;15;42;0;27;43;0
224617060;2217;15;40;0;27;60;0
224617061;2217;15;46;0;27;60;0
224617062;2217;15;31;0;27;50;0
224617063;2217;15;28;0;27;26;0
224617064;2217;15;22;0;27;30;0
224617065;2217;15;28;0;27;53;0
224617066;2217;15;18;0;27;28;0
224617067;2217;15;13;0;27;38;0
224617068;2217;15;31;0;27;48;0
224617069;2217;15;31;0;27;42;0
224617070;2217;15;27;0;27;28;0
224617071;2217;15;1;0;27;1;0
224621001;2221;15;83;0;27;23;0
224621002;2221;15;61;0;27;58;0
224621004;2221;15;83;0;27;24;1
224621005;2221;15;210;2;27;143;2
224621006;2221;15;207;1;27;129;0
224621007;2221;15;190;0;27;124;0
224621008;2221;15;173;1;27;134;0
224621009;2221;15;193;1;27;116;2
224621010;2221;15;119;0;27;102;8
224621011;2221;15;126;0;27;65;0
224621012;2221;15;122;2;27;108;0
224621013;2221;15;94;2;27;123;3
224621014;2221;15;61;0;27;151;1
224621015;2221;15;103;0;27;142;0
224621016;2221;15;101;0;27;126;0
224621017;2221;15;93;0;27;65;0
224621018;2221;15;67;0;27;120;0
224621019;2221;15;101;0;27;127;0
224621020;2221;15;94;1;27;90;1
224621021;2221;15;40;0;27;68;0
224621022;2221;15;66;0;27;54;0
224621023;2221;15;101;1;27;54;1
224621024;2221;15;273;0;27;348;1
224621025;2221;15;198;0;27;51;0
224621026;2221;15;189;2;27;144;2
224621027;2221;15;136;0;27;91;0
224621028;2221;15;133;0;27;113;0
224621029;2221;15;146;2;27;66;0
224621030;2221;15;146;1;27;61;1
224621031;2221;15;176;0;27;92;0
224621032;2221;15;106;0;27;102;0
224621033;2221;15;173;0;27;132;1
224621034;2221;15;107;0;27;112;0
224621035;2221;15;127;1;27;65;0
224621036;2221;15;82;0;27;45;0
224621037;2221;15;122;0;27;44;0
224622001;2222;15;83;0;38;92;0
224622002;2222;15;62;2;38;70;1
224622003;2222;15;50;1;38;59;2
224622004;2222;15;83;2;38;117;2
224622005;2222;15;55;0;38;60;0
224622006;2222;15;98;1;38;146;2
224622007;2222;15;78;0;38;165;2
224622008;2222;15;68;0;38;50;3
224622009;2222;15;69;0;38;65;0
224622010;2222;15;58;0;38;47;0
224622011;2222;15;108;0;38;58;0
224622012;2222;15;83;0;38;106;0
224622013;2222;15;111;0;38;75;1
224622014;2222;15;57;1;38;102;1
224622015;2222;15;75;0;38;185;7
224622016;2222;15;72;0;38;96;0
224622017;2222;15;66;0;38;76;0
224622018;2222;15;237;3;38;213;0
224622019;2222;15;153;0;38;129;0
224622020;2222;15;113;0;38;76;0
224622021;2222;15;79;0;38;115;0
224622022;2222;15;103;0;38;114;4
224622023;2222;15;71;0;38;107;2
224622024;2222;15;55;1;38;103;1
224622025;2222;15;45;0;38;142;0
224622026;2222;15;37;0;38;102;0
224622027;2222;15;45;0;38;213;0
224622028;2222;15;73;0;38;254;0
