;010100011;811;1;0;2;717;0;0;0;0;0;0;717;0;0;8;8;0;16;701
;010100012;907;3;0;2;743;0;0;3;0;28;0;743;6;13;9;0;0;28;715
;010100013;707;0;0;2;579;0;1;5;0;0;0;579;0;1;9;8;0;18;561
;010100019;492;0;0;2;438;0;0;1;0;12;0;438;0;4;8;11;0;23;415
;010300101;499;1;0;2;397;0;0;0;0;0;0;397;0;0;4;4;0;8;389
;010300102;567;0;0;2;457;0;0;0;0;0;0;457;0;0;17;14;0;31;426
;010300105;561;0;0;2;431;2;0;1;0;17;17;431;0;19;9;2;0;30;401
;011100027;505;0;0;2;396;0;0;0;0;0;0;396;0;0;4;5;0;9;387
;011100028;477;2;0;2;384;0;0;0;0;4;0;384;0;0;1;8;0;9;375
;011100029;535;1;0;2;389;0;0;0;0;0;0;389;0;5;12;0;0;17;372
;011100030;368;0;0;2;300;0;0;0;0;16;0;300;0;5;6;2;0;13;287
;011100039;670;0;3;2;548;0;0;1;3;34;31;548;0;0;6;4;0;10;538
;011100040;572;3;0;2;465;0;0;2;0;8;8;465;0;0;2;3;0;5;460
;011300004;833;0;0;2;668;0;0;0;0;0;0;668;0;9;10;0;0;19;649
;011300005;886;5;0;2;715;0;0;0;0;0;0;715;0;0;6;0;0;6;709
;011300006;1006;1;1;2;767;0;0;0;1;0;0;767;0;1;4;2;0;7;760
;011300008;746;1;0;2;559;0;0;0;0;0;0;559;0;0;3;19;0;22;537
;011300009;681;2;0;2;504;0;0;1;0;2;0;504;10;0;5;16;0;31;473
;011300013;672;0;0;2;491;0;0;0;0;1;0;491;22;0;0;0;0;22;469
;011300014;703;0;0;2;495;0;0;0;0;1;0;495;3;1;3;1;0;8;487
;011300021;554;2;0;2;448;4;0;0;0;0;0;448;4;0;0;0;0;4;444
;013300037;438;0;0;2;344;3;0;2;0;0;0;344;0;0;4;0;3;7;337
;013300038;659;2;0;2;506;0;0;0;0;0;0;506;3;5;0;0;0;8;498
;013300041;563;1;0;2;380;0;3;0;0;0;0;380;3;0;0;0;0;3;377
;013300042;578;0;0;2;407;0;0;0;0;0;0;407;9;0;0;0;0;9;398
;013300046;595;1;0;2;466;0;0;0;0;0;0;466;0;0;7;6;0;13;453
;013300060;1052;5;0;2;737;0;0;5;0;0;0;737;0;15;11;0;0;26;711
;013300061;935;1;0;2;632;0;0;0;0;1;1;632;14;1;0;0;0;15;617
;013300062;931;1;0;2;653;9;0;0;0;0;0;653;9;0;0;0;0;9;644
;013300063;656;1;0;3;484;0;0;0;0;0;0;484;0;9;9;0;0;18;466
;013300064;592;1;0;3;413;4;0;0;0;0;0;413;4;0;0;0;0;4;409
;013300074;342;0;0;2;302;8;0;0;0;0;0;302;0;7;1;1;0;9;293
;013300084;462;0;0;2;363;0;0;0;0;0;0;363;0;0;5;1;0;6;357
;013300085;508;0;0;2;380;0;0;0;0;0;0;380;0;0;0;11;0;11;369
;013300086;928;1;0;2;668;0;0;3;0;0;0;668;9;0;0;12;0;21;647
;013300087;879;1;1;2;636;0;0;0;1;0;0;636;11;7;0;0;0;18;618
;013300090;786;5;10;2;604;0;0;3;10;0;0;604;0;0;6;46;0;52;552
;013300091;469;1;0;2;349;0;0;3;0;0;0;349;11;0;0;0;0;11;338
;013300092;403;0;0;2;308;12;0;0;0;0;0;308;12;0;0;0;0;12;296
;013300093;491;0;0;2;341;8;0;7;0;0;0;341;8;0;4;0;0;12;329
;013300094;432;1;0;2;325;0;0;4;0;5;5;325;0;2;3;2;0;7;318
;013300095;637;0;0;2;487;0;26;4;0;15;15;487;0;0;9;26;0;35;452
;013700017;721;0;0;2;589;0;0;1;0;0;0;589;0;0;1;17;0;18;571
;013700018;744;1;0;2;595;0;0;0;0;0;0;595;0;5;5;6;0;16;579
;013700019;496;0;0;2;407;0;0;8;0;0;0;407;0;5;7;4;0;16;391
;013700020;736;0;0;2;559;48;0;1;0;0;0;559;0;11;0;36;0;47;512
;013700021;662;0;0;2;529;0;0;0;0;0;0;529;0;0;4;7;0;11;518
;013700022;976;2;1;2;693;27;0;3;1;1;1;693;0;15;4;8;0;27;666
;013700024;848;0;0;2;685;0;0;0;0;2;0;685;0;4;6;2;0;12;673
;013700025;540;0;0;2;477;0;0;0;0;2;2;477;0;4;2;10;0;16;461
;013700026;744;0;0;2;562;0;0;6;0;0;0;562;0;8;12;2;0;22;540
;013700027;583;0;0;2;435;0;0;3;0;0;0;435;0;7;7;6;0;20;415
;014000033;317;1;0;2;242;0;0;0;0;0;0;242;0;0;0;0;0;0;242
;014000034;301;0;0;2;239;0;0;0;0;0;0;239;0;3;4;5;0;12;227
;014000036;333;1;0;2;275;0;0;0;0;5;0;275;2;1;4;2;0;9;266
;014000037;523;0;0;2;440;26;0;0;0;0;0;440;0;0;0;26;0;26;414
;014000038;363;0;0;2;289;5;0;1;0;0;0;289;0;1;4;0;0;5;284
;014000042;542;1;0;2;392;12;0;0;0;0;0;392;0;4;8;0;0;12;380
;014000043;460;2;4;2;330;0;0;1;4;4;0;330;16;0;0;0;1;17;313
;014000044;603;0;0;2;453;0;0;0;0;0;0;453;0;0;15;5;15;35;418
;014000045;688;0;2;2;538;0;0;1;2;2;0;538;0;5;7;4;1;17;521
;014000050;634;6;0;2;456;11;0;0;0;0;0;456;0;0;7;4;0;11;445
;014000051;571;0;0;2;399;0;0;0;0;0;0;399;0;3;1;3;0;7;392
;014000060;663;0;4;2;486;0;0;0;4;0;0;486;0;5;1;0;0;6;480
;014000068;351;0;0;2;257;0;0;0;0;0;0;257;14;0;0;0;0;14;243
;014000069;378;1;0;2;296;10;0;0;0;0;0;296;10;0;0;0;0;10;286
;014000070;551;2;2;2;438;0;0;4;2;0;2;438;0;0;11;7;0;18;420
;014200001;375;1;0;2;325;0;0;0;0;0;0;325;0;0;0;6;0;6;319
;014200007;854;3;0;2;574;0;0;0;0;0;0;574;0;0;5;7;0;12;562
;014200010;871;2;0;2;513;0;0;2;0;0;0;513;0;5;3;2;0;10;503
;014200011;831;1;0;2;558;0;0;0;0;0;0;558;28;17;0;0;0;45;513
;014200012;915;4;0;2;552;0;0;5;0;2;2;552;0;2;5;1;0;8;544
;014400017;737;0;23;2;514;0;0;7;23;23;0;514;4;0;4;10;0;18;496
;014400018;643;1;0;2;461;0;0;0;0;11;0;461;0;2;3;8;0;13;448
;014400019;510;0;0;2;304;0;0;0;0;0;0;304;0;4;2;0;0;6;298
;014400021;671;0;0;2;495;0;0;10;0;26;26;495;0;6;0;39;0;45;450
;014400022;598;1;6;2;406;0;0;2;6;6;6;406;0;0;6;8;0;14;392
;014400025;526;0;0;2;354;0;0;0;0;0;0;354;0;0;0;9;0;9;345
;014400026;297;0;0;2;297;0;0;0;0;3;0;297;0;0;0;5;0;5;292
;014900008;244;0;0;2;192;0;0;0;0;11;11;192;0;1;4;3;0;8;184
;014900009;242;0;0;2;201;0;0;0;0;7;7;201;0;3;2;1;0;6;195
;014900010;263;0;0;2;201;0;0;2;0;13;13;201;0;6;4;4;0;14;187
;015200006;400;0;0;2;354;0;0;3;0;0;0;354;10;0;6;0;0;16;338
;015200011;660;1;0;2;551;0;0;0;0;8;8;551;1;0;4;1;0;6;545
;015200012;543;0;0;2;440;0;0;0;0;0;8;440;0;4;4;5;0;13;427
;015200019;415;0;0;2;374;0;0;1;0;0;0;374;0;16;2;1;2;21;353
;020100034;667;0;0;2;284;0;0;0;0;0;0;284;28;0;0;0;0;28;256
;020400270;562;0;0;2;341;0;0;6;0;0;0;341;0;13;9;1;1;24;317
;020400271;681;0;0;2;409;0;0;8;0;5;0;409;0;7;6;6;0;19;390
;020400272;655;0;0;2;529;0;0;0;0;0;0;529;0;0;1;6;0;7;522
;020400273;659;0;0;2;492;0;0;0;0;0;0;492;0;14;2;0;0;16;476
;020400274;819;0;0;2;487;0;0;0;0;0;0;487;0;0;23;0;0;23;464
;020400275;710;0;0;2;426;0;0;0;0;0;0;426;0;3;30;0;0;33;393
;020400279;898;0;0;2;630;0;0;15;0;0;0;630;0;15;0;0;0;15;615
;020600017;666;0;0;2;387;0;0;4;0;0;0;387;0;1;6;7;0;14;373
;020600018;658;0;0;2;338;0;1;5;0;0;0;338;0;4;4;4;0;12;326
;020900042;307;0;0;2;246;0;0;4;0;0;0;246;0;0;11;5;0;16;230
;020900047;264;0;0;2;223;2;0;1;0;0;0;223;0;0;1;1;0;2;221
;020900056;466;0;2;2;253;0;0;0;2;2;1;253;0;0;0;18;0;18;235
;021200013;369;0;0;2;314;0;0;11;0;0;2;314;0;2;2;7;0;11;303
;021200014;34;0;0;2;23;0;0;0;0;0;0;23;0;0;0;0;0;0;23
;021300009;490;0;0;2;384;0;0;2;0;0;0;384;0;0;5;9;0;14;370
;021300012;495;2;0;2;375;0;0;2;0;3;3;375;0;2;4;2;1;9;366
;021300013;546;0;0;2;368;0;0;2;0;0;0;368;0;2;2;0;0;4;364
;021500018;480;3;0;2;417;0;0;5;0;0;0;417;0;37;0;0;0;37;380
;021500019;445;0;0;2;382;0;0;0;0;7;0;382;51;0;0;0;0;51;331
;021500027;526;0;0;2;435;0;0;9;0;0;0;435;0;11;54;5;0;70;365
;021500028;594;0;0;2;495;0;0;0;0;1;1;495;0;9;31;3;0;43;452
;021700006;529;0;0;2;344;0;0;0;0;0;0;344;0;5;5;11;0;21;323
;021700007;375;0;3;2;256;0;0;3;3;3;0;256;8;0;10;3;0;21;235
;021700008;382;0;0;2;317;0;0;0;0;0;0;317;5;1;1;1;0;8;309
;021700010;484;0;0;2;351;0;1;1;0;0;0;351;0;0;2;14;0;16;335
;021700011;443;0;0;2;325;0;0;0;0;0;0;325;0;8;8;5;1;22;303
;021700014;554;0;0;2;321;0;0;0;0;0;0;321;0;0;2;7;0;9;312
;021700015;442;0;0;2;219;0;0;1;0;0;0;219;0;1;0;2;0;3;216
;021700016;617;0;0;2;386;0;0;0;0;0;0;386;0;2;7;6;0;15;371
;021700017;601;0;0;2;372;0;0;2;0;0;0;372;0;1;0;2;0;3;369
;021700042;42;0;0;2;33;0;0;0;0;7;7;33;0;0;0;2;0;2;31
;021700043;614;0;0;2;434;0;0;0;0;0;0;434;0;9;9;5;0;23;411
;021800027;520;0;0;2;418;0;0;6;0;0;0;418;0;1;41;5;0;47;371
;021800028;613;0;0;2;455;0;0;25;0;0;0;455;0;25;0;0;0;25;430
;021800034;604;0;0;2;375;0;0;1;0;0;0;375;0;8;0;6;0;14;361
;021800035;328;0;0;2;245;0;0;0;0;0;0;245;0;6;0;0;0;6;239
;021800046;674;0;0;2;487;0;0;5;0;8;8;487;15;1;0;11;0;27;460
;021800047;466;0;0;2;345;0;0;7;0;8;0;345;0;5;13;0;0;18;327
;022100016;694;0;0;2;571;0;0;4;0;0;0;571;0;13;9;8;0;30;541
;022100019;625;0;0;2;444;0;0;1;0;1;1;444;0;11;3;6;0;20;424
;022100020;767;0;0;2;554;0;0;4;0;2;2;554;0;3;2;3;0;8;546
;022100021;402;0;0;2;327;0;0;0;0;0;3;327;0;6;7;1;0;14;313
;022300008;338;0;0;2;247;8;0;2;0;5;0;247;0;0;8;0;0;8;239
;022300011;295;0;0;2;198;0;0;1;0;2;2;198;0;7;3;2;0;12;186
;022300017;296;0;0;2;213;1;0;1;0;0;0;213;0;0;3;3;0;6;207
;022300032;361;3;0;2;301;10;0;2;0;11;11;301;0;6;1;2;1;10;291
;022300033;25;0;0;2;14;1;0;0;0;1;0;14;0;1;0;0;0;1;13
;022300034;432;0;0;2;289;0;0;2;0;4;4;289;0;6;0;1;0;7;282
;022700004;670;0;0;2;556;0;0;4;0;5;5;556;0;2;4;6;0;12;544
;022700006;532;0;0;2;460;0;0;1;0;14;14;460;0;2;7;3;0;12;448
;022700007;44;0;0;2;34;0;0;0;0;21;21;34;0;0;0;0;0;0;34
;030100002;409;0;0;2;321;0;0;1;0;0;0;321;0;0;3;5;0;8;313
;030100005;411;0;0;2;304;0;0;0;0;0;0;304;0;0;0;20;0;20;284
;030100006;671;0;0;2;490;0;0;0;0;0;0;490;0;0;11;18;0;29;461
;030100014;877;0;0;2;570;0;0;14;0;4;4;570;0;4;27;11;0;42;528
;030200012;558;0;0;2;365;0;0;0;0;0;0;365;0;7;10;4;0;21;344
;030200013;605;0;0;2;399;0;0;0;0;0;0;399;0;23;5;0;0;28;371
;030200014;612;0;0;2;392;0;0;1;0;0;0;392;0;0;3;13;0;16;376
;030200015;677;0;0;2;400;0;0;2;0;0;0;400;0;3;1;5;1;10;390
;030200016;624;0;0;2;435;0;0;6;0;2;2;435;0;16;4;3;0;23;412
;030200017;747;0;0;2;531;0;0;1;0;0;0;531;0;2;12;4;1;19;512
;030400012;541;155;0;2;587;0;0;3;0;5;5;587;0;1;11;14;2;28;559
;030400013;639;1;0;3;421;0;0;1;0;1;0;421;0;0;3;2;0;5;416
;030400014;756;1;0;3;523;14;0;0;0;4;0;523;0;0;13;1;0;14;509
;030500006;356;0;0;2;254;0;0;3;0;0;0;254;0;0;2;7;0;9;245
;030600364;653;2;0;2;466;0;0;3;0;13;13;466;0;0;6;2;0;8;458
;030600365;490;0;0;2;289;0;0;0;0;6;6;289;0;2;2;0;0;4;285
;030600366;628;0;0;2;383;0;0;0;0;4;4;383;7;0;0;0;0;7;376
;030600367;679;2;0;2;412;0;0;0;0;5;5;412;0;4;10;0;0;14;398
;030800005;569;0;0;2;451;0;0;4;0;6;6;451;0;2;6;2;0;10;441
;030800006;559;2;0;2;448;0;0;12;0;7;7;448;0;12;2;0;0;14;434
;030800008;355;0;0;2;275;0;0;3;0;0;0;275;0;0;7;2;0;9;266
;030800009;432;0;0;2;305;0;0;3;0;0;0;305;0;3;12;8;1;24;281
;030900012;590;0;0;2;446;0;0;2;0;1;1;446;0;0;10;9;0;19;427
;030900014;312;1;0;2;230;0;0;5;0;0;0;230;3;4;5;6;0;18;212
;030900021;665;7;0;2;500;0;0;0;0;0;0;500;17;3;0;6;0;26;474
;031300010;612;0;0;2;364;0;0;6;0;0;0;364;0;9;5;5;0;19;345
;031300011;374;0;0;2;274;0;0;4;0;0;0;274;0;1;4;2;0;7;267
;031300012;689;0;0;2;457;20;0;3;0;0;0;457;20;0;0;0;0;20;437
;031300013;790;1;0;2;505;0;0;0;0;14;14;505;0;16;7;7;0;30;475
;031300014;536;0;0;2;349;0;0;1;0;0;0;349;0;1;6;2;0;9;340
;031300015;569;0;0;2;392;0;0;0;0;0;0;392;0;36;0;0;0;36;356
;031300023;537;0;0;2;369;0;0;0;0;0;0;369;0;2;4;3;0;9;360
;031300024;1008;6;0;2;578;0;0;9;0;0;0;578;0;10;11;10;0;31;547
;031300025;547;0;0;2;379;0;0;1;0;2;0;379;0;8;3;1;0;12;367
;031300027;442;84;0;2;455;0;0;5;0;11;0;455;0;6;10;0;0;16;439
;031300028;414;0;0;2;322;0;0;2;0;8;8;322;0;7;3;2;0;12;310
;031600011;233;0;0;2;196;0;0;1;0;0;3;196;3;2;2;0;0;7;189
;031600015;364;1;0;2;279;3;0;3;0;6;6;279;0;0;0;3;0;3;276
;031600016;596;0;0;2;447;0;0;3;0;6;0;447;0;5;3;0;0;8;439
;031600020;693;0;0;2;439;0;0;2;0;1;1;439;0;5;18;8;0;31;408
;031600021;769;0;0;2;498;0;0;3;0;0;0;498;0;6;11;1;0;18;480
;031600023;547;2;0;2;358;0;0;0;0;0;0;358;5;8;4;16;0;33;325
;031600024;319;0;0;2;219;1;0;1;0;2;0;219;0;6;12;6;0;24;195
;031600025;538;0;0;2;382;0;0;3;0;0;0;382;0;3;13;6;0;22;360
;031600026;568;0;0;2;384;0;0;0;0;0;0;384;0;8;8;5;0;21;363
;032400018;367;0;0;2;282;0;0;0;0;0;0;282;0;8;0;0;0;8;274
;032400019;635;2;0;2;402;0;0;1;0;1;1;402;0;57;8;8;0;73;329
;032400030;460;0;0;2;326;0;0;0;0;0;0;326;3;0;2;0;0;5;321
;032400036;367;0;0;2;265;0;0;0;0;0;9;265;0;1;0;9;0;10;255
;032400038;441;0;0;2;321;0;0;9;0;10;10;321;5;0;5;0;0;10;311
П(5102);032400046;19;2;10;0;0;0;0;0;10;0;0;0;0;0;0;10
П(46975);032400046;2;2;2;0;0;0;0;0;2;0;0;0;0;0;0;2
;032600013;365;5;0;2;370;13;0;0;0;0;3;370;0;13;0;0;0;13;357
П(51584);032600014;12;2;12;1;0;0;2;2;12;0;0;0;0;0;1;11
;040400095;728;0;0;2;405;0;0;3;0;0;0;405;29;0;0;3;0;32;373
;040400106;551;5;1;2;365;12;0;4;1;1;1;365;0;7;5;0;0;12;353
;040400107;431;0;0;2;260;0;0;3;0;0;0;260;0;1;8;1;0;10;250
;040400108;428;1;0;2;274;0;0;0;0;0;0;274;0;1;1;4;0;6;268
;040400111;842;0;0;2;578;0;0;5;0;4;4;578;0;21;7;16;3;47;531
;040400116;493;0;0;2;374;0;0;3;0;2;0;374;0;0;5;4;1;10;364
;040400121;670;0;0;2;331;0;0;3;0;1;1;331;0;0;2;1;0;3;328
;040400122;723;0;0;2;468;0;0;0;0;0;0;468;0;6;3;0;0;9;459
;040400123;611;0;0;2;372;0;0;2;0;4;4;372;0;0;2;0;0;2;370
;040400124;667;2;0;2;422;0;0;0;0;0;0;422;6;0;0;0;0;6;416
;040400125;294;0;1;3;220;0;0;1;1;1;1;220;0;0;0;3;0;3;217
;040600063;895;0;0;2;630;7;0;0;0;0;0;630;0;3;2;2;0;7;623
;040600065;823;1;0;2;562;0;0;3;0;0;0;562;0;0;0;13;0;13;549
;040600067;622;0;0;2;321;0;0;0;0;0;0;321;0;0;5;2;0;7;314
;040600068;588;0;1;2;320;6;0;0;1;0;0;320;0;0;0;6;0;6;314
;040600069;721;0;0;2;381;0;0;1;0;0;0;381;1;0;6;0;0;7;374
;040600070;699;0;0;2;349;0;0;0;0;0;0;349;0;0;4;3;0;7;342
;040600071;818;1;0;2;393;0;0;9;0;4;4;393;5;7;8;15;0;35;358
;040600072;352;0;0;2;245;0;0;1;0;0;0;245;0;2;4;0;0;6;239
;040600073;558;0;0;2;295;0;0;0;0;1;1;295;0;2;6;0;0;8;287
;040600074;791;0;0;2;325;0;0;0;0;0;0;325;0;0;3;22;0;25;300
;040600075;681;0;0;2;316;0;1;0;0;1;1;316;0;0;7;9;0;16;300
;040600076;665;0;0;2;316;0;0;2;0;0;0;316;0;5;7;10;1;23;293
;041300018;961;0;4;2;615;0;0;0;4;0;4;615;0;14;4;0;0;18;597
;041300020;861;0;0;2;476;0;0;0;0;1;0;476;0;0;2;23;1;26;450
;041400004;390;0;0;2;282;1;0;0;0;1;0;282;0;0;1;4;0;5;277
;041400005;490;0;0;2;398;0;0;4;0;6;6;398;0;2;5;0;0;7;391
;042000014;634;1;14;2;520;0;0;7;14;14;14;520;0;0;1;5;0;6;514
;042000015;495;0;0;2;377;0;0;0;0;0;0;377;0;10;5;0;0;15;362
;042000017;370;0;0;2;236;0;0;0;0;0;0;236;0;0;3;3;0;6;230
;042000018;552;0;0;2;273;0;0;3;0;2;0;273;0;10;1;6;0;17;256
;042000019;862;2;0;2;627;0;0;8;0;14;14;627;0;0;0;11;16;27;600
;042000020;866;0;0;2;614;0;0;3;0;28;0;614;0;2;10;0;0;12;602
;042200021;712;0;0;2;540;0;0;0;0;0;0;540;0;0;30;6;0;36;504
;042200022;782;0;0;2;542;0;0;2;0;7;0;542;0;11;4;11;0;26;516
;042200030;634;0;4;2;420;0;0;4;4;4;4;420;0;11;8;5;0;24;396
;042200032;364;0;0;2;270;0;0;1;0;2;2;270;0;4;3;2;0;9;261
;042200033;566;0;0;2;444;0;0;3;0;0;0;444;16;8;0;0;0;24;420
;042200034;481;0;0;2;360;0;0;0;0;0;0;360;0;2;5;3;0;10;350
;042200038;474;0;2;2;279;0;0;2;2;2;0;279;0;3;5;0;0;8;271
;042200039;761;2;0;2;394;0;0;0;0;0;0;394;5;9;12;0;0;26;368
;042200041;487;0;6;2;380;0;0;1;6;6;6;380;0;7;3;9;0;19;361
;042200044;687;0;0;2;470;0;0;0;0;4;4;470;0;0;7;6;0;13;457
;042600010;592;1;0;2;511;0;0;4;0;24;0;511;0;0;0;3;0;3;508
;042600013;432;0;0;2;339;0;0;7;0;0;0;339;0;1;3;3;0;7;332
;042600014;671;0;0;2;487;0;0;3;0;0;0;487;0;4;3;7;0;14;473
;042600017;828;0;0;2;567;0;0;8;0;0;0;567;7;5;0;11;0;23;544
;042600021;741;0;0;3;541;0;0;1;0;21;0;541;0;1;2;1;0;4;537
;042800041;592;0;0;2;494;0;0;4;0;3;0;494;0;7;4;5;1;17;477
;042800047;623;0;0;2;421;1;0;8;0;0;0;421;0;5;4;6;0;15;406
;042800048;619;0;0;2;425;0;0;4;0;1;1;425;0;3;22;2;0;27;398
;042800062;517;0;0;2;303;0;0;1;0;1;1;303;0;0;7;5;0;12;291
;042800063;763;1;0;2;427;0;0;3;0;0;0;427;0;18;11;8;0;37;390
;042800073;824;0;0;2;552;0;0;10;0;0;18;552;0;7;7;0;0;14;538
;042800074;746;0;0;2;510;0;0;2;0;9;9;510;0;2;12;7;0;21;489
;043100006;530;0;0;2;346;0;0;0;0;5;0;346;9;4;0;0;0;13;333
;043100007;384;0;0;2;229;0;0;1;0;3;0;229;0;4;6;0;0;10;219
;043100010;540;0;3;2;301;0;0;1;3;2;3;301;0;2;5;5;0;12;289
;043100013;596;0;0;2;366;0;0;0;0;0;0;366;0;19;3;4;0;26;340
;043100014;632;0;0;2;433;0;0;0;0;0;0;433;0;0;0;13;0;13;420
;043100015;625;0;0;2;406;0;0;0;0;2;2;406;9;0;3;0;0;12;394
;043100016;571;0;0;2;335;0;0;0;0;0;0;335;1;0;0;25;0;26;309
;043100017;25;0;0;2;21;3;0;0;0;1;1;21;0;1;0;2;0;3;18
;043100019;345;0;0;2;253;0;0;0;0;0;0;253;0;0;1;7;0;8;245
П(29091);043100024;15;2;10;0;0;0;2;2;10;0;0;2;0;0;2;8
;043100030;622;0;1;2;415;0;0;0;1;9;0;415;0;11;3;0;0;14;401
;050300005;396;0;0;2;266;0;0;0;0;2;0;266;0;2;8;5;0;15;251
;050600006;275;0;0;2;201;0;0;4;0;3;3;201;0;14;6;3;0;23;178
;050600007;359;0;0;2;266;0;0;0;0;1;0;266;0;24;7;4;0;35;231
;050600009;394;0;0;2;308;0;0;0;0;4;4;308;0;0;2;0;0;2;306
;050600011;421;0;0;2;307;1;0;0;0;0;0;307;0;0;14;0;0;14;293
П(38772);050600014;3;2;3;0;0;0;0;0;3;0;0;0;0;0;0;3
;050900076;580;0;0;2;348;0;0;0;0;0;0;348;0;11;4;0;0;15;333
;050900087;602;0;0;2;386;11;0;0;0;0;0;386;0;10;0;1;0;11;375
;050900088;680;0;0;2;445;21;0;0;0;0;0;445;12;2;0;6;1;21;424
;050900092;591;0;0;2;433;0;0;0;0;0;6;433;11;0;2;0;0;13;420
;050900095;595;0;0;2;372;0;0;0;0;1;1;372;0;4;0;10;0;14;358
;050900096;586;1;0;2;378;0;0;0;0;4;4;378;0;4;5;3;0;12;366
;050900097;320;0;0;2;238;0;0;1;0;1;1;238;5;2;0;2;0;9;229
;050900098;380;0;4;2;296;0;0;0;4;4;4;296;0;0;2;4;0;6;290
;050900099;533;0;0;2;365;10;0;1;0;8;8;365;0;2;3;5;0;10;355
;050900103;590;0;0;2;417;0;0;0;0;6;6;417;0;11;5;0;0;16;401
;050900106;682;1;0;2;372;0;0;0;0;0;0;372;0;0;5;10;0;15;357
;050900107;349;0;0;2;166;0;0;4;0;1;1;166;0;0;5;2;0;7;159
;050900108;655;0;0;2;255;0;0;2;0;0;0;255;0;1;6;5;0;12;243
;050900109;623;0;0;2;237;0;0;1;0;0;0;237;0;6;14;11;0;31;206
;050900118;615;0;0;2;450;0;0;7;0;0;15;450;0;4;2;4;0;10;440
;050900120;441;0;0;2;371;0;0;2;0;3;3;371;0;3;6;2;0;11;360
;051600015;472;0;0;2;319;0;0;0;0;0;3;319;0;0;17;0;0;17;302
;051600016;299;0;0;2;223;0;0;0;0;5;5;223;0;4;3;4;0;11;212
;051600021;832;0;0;2;552;0;0;7;0;1;1;552;0;9;6;8;0;23;529
;051600022;653;0;0;2;505;0;0;0;0;0;0;505;8;0;0;35;0;43;462
;051600023;714;0;0;2;413;0;0;2;0;0;0;413;0;8;6;8;0;22;391
П(14489);051600027;3;2;3;0;0;0;2;2;3;0;0;0;0;0;0;3
;053000003;420;0;0;2;302;0;0;0;0;0;1;302;0;3;3;4;0;10;292
;053000004;300;0;0;2;182;0;0;4;0;3;0;182;0;0;0;3;0;3;179
П(11079);053000009;5;2;5;0;0;0;3;0;5;0;0;0;0;0;0;5
;053300006;611;1;0;2;436;0;0;2;0;0;0;436;8;9;0;9;0;26;410
;053300007;642;4;0;2;477;0;0;0;0;0;0;477;0;3;11;9;0;23;454
;053300009;699;3;0;2;469;0;0;0;0;0;0;469;0;1;15;4;0;20;449
;060500004;412;0;3;2;316;0;0;0;3;0;0;316;0;0;5;7;0;12;304
;060500005;488;0;0;2;336;0;0;1;0;4;4;336;1;3;0;5;0;9;327
;060500006;759;1;0;2;487;0;0;0;0;3;0;487;10;4;7;5;1;27;460
;060500009;401;3;0;2;320;0;0;0;0;6;7;320;0;3;5;5;0;13;307
П(46810);060500011;10;2;10;0;0;0;0;0;10;0;0;0;0;0;0;10
;060800018;452;0;2;2;305;0;0;1;2;0;0;305;0;0;0;11;0;11;294
;060800019;588;1;1;2;385;0;0;0;1;0;0;385;12;0;4;0;0;16;369
;060800021;773;0;0;2;537;1;0;3;0;0;0;537;5;0;6;3;0;14;523
;060800022;640;1;0;2;454;0;0;3;0;1;2;454;0;0;3;27;0;30;424
;060800023;408;0;0;2;320;0;0;4;0;0;0;320;0;3;0;8;0;11;309
;060800024;899;2;0;2;649;0;1;0;0;0;0;649;25;0;0;0;0;25;624
;060800030;847;0;0;2;602;0;0;0;0;0;0;602;6;5;9;3;4;27;575
;060800031;732;0;0;2;441;0;0;0;0;3;0;441;0;8;10;3;6;27;414
;060800032;540;0;0;2;403;0;0;5;0;0;0;403;0;0;0;3;0;3;400
;060800033;328;0;0;2;263;6;0;5;0;0;0;263;0;0;0;1;5;6;257
;060800034;631;0;0;2;328;0;0;0;0;3;3;328;0;0;8;13;0;21;307
;060800035;706;0;0;2;454;0;0;1;0;2;2;454;0;2;4;2;0;8;446
;060800036;728;0;0;2;430;0;0;3;0;4;4;430;0;1;4;3;0;8;422
;060800037;556;0;0;2;393;0;0;3;0;7;7;393;0;17;5;0;0;22;371
;060800038;650;0;0;2;460;0;0;0;0;9;9;460;0;8;9;0;0;17;443
П(12214);060800041;2;2;1;0;0;0;1;1;1;0;0;0;0;0;0;1
П(14012);060800041;7;2;7;0;0;0;1;1;7;0;0;0;0;0;0;7
П(57594);060800041;9;2;7;0;0;1;1;1;7;0;1;0;0;0;1;6
П(401);060800042;14;2;8;0;0;0;0;0;8;0;0;1;0;0;1;7
П(67845);060800042;2;2;1;0;0;0;0;0;1;0;0;0;0;0;0;1
П(73643);060800042;13;2;9;0;0;0;0;1;9;0;0;0;1;0;1;8
П(73660);060800042;11;2;11;0;0;1;4;0;11;0;0;0;0;0;0;11
;061000081;491;0;0;2;379;0;0;4;0;3;0;379;0;4;1;3;0;8;371
;061000083;696;0;0;2;551;14;0;0;0;0;0;551;0;0;14;0;0;14;537
;061000085;359;0;0;2;279;2;0;5;0;6;6;279;3;0;3;2;3;11;268
;061000088;871;0;0;2;456;0;0;6;0;0;0;456;0;6;5;12;0;23;433
;061000090;584;0;0;2;311;0;0;2;0;3;3;311;0;2;10;4;0;16;295
;061000091;530;0;0;2;365;0;0;2;0;2;2;365;0;3;2;3;0;8;357
;061000098;345;0;3;2;268;0;0;1;3;3;0;268;0;2;3;1;0;6;262
;061000103;631;0;0;2;404;0;0;7;0;0;0;404;0;1;8;8;0;17;387
;061000105;380;0;0;2;302;0;0;0;0;0;0;302;0;0;0;13;0;13;289
;062000023;728;0;0;2;471;0;0;0;0;0;0;471;0;0;27;0;0;27;444
;062000024;579;0;0;2;368;0;0;3;0;0;0;368;0;4;3;0;0;7;361
;062000025;556;2;3;2;329;0;0;1;3;3;3;329;0;3;3;6;0;12;317
;062000026;562;0;0;2;388;0;0;1;0;0;6;388;0;51;2;7;0;60;328
;062000027;354;0;0;2;317;0;0;0;0;0;12;317;0;15;0;0;0;15;302
;062100007;542;0;0;2;408;0;0;0;0;13;13;408;0;3;16;5;0;24;384
;062100010;510;0;0;2;385;0;0;0;0;0;11;385;0;0;7;10;0;17;368
;062100012;726;0;6;2;575;28;0;0;6;6;0;575;0;9;14;5;1;29;546
;062700016;387;0;0;2;305;0;0;0;0;0;0;305;0;2;6;2;0;10;295
;062700019;425;0;0;2;332;0;0;3;0;0;0;332;0;2;5;0;0;7;325
;062700022;319;0;0;2;227;0;0;0;0;2;2;227;0;0;5;0;0;5;222
;062700023;730;0;0;2;507;0;0;0;0;8;0;507;0;0;10;3;0;13;494
;062700024;828;0;0;2;560;0;0;0;0;0;0;560;0;2;12;3;0;17;543
;062700026;560;1;0;2;390;0;0;0;0;5;0;390;0;11;5;0;0;16;374
;062700034;423;0;0;2;324;0;0;1;0;4;0;324;0;2;3;2;0;7;317
;062800009;647;0;0;2;422;0;0;4;0;0;0;422;0;6;1;6;0;13;409
;062800010;690;0;0;2;460;0;0;0;0;0;0;460;0;2;7;10;1;20;440
П(68148);062800013;14;2;14;0;0;0;9;9;14;0;0;1;0;0;1;13
;063100010;421;0;0;2;223;0;1;0;0;0;0;223;11;0;7;0;0;18;205
;063100011;600;0;0;2;323;0;0;4;0;2;2;323;0;5;2;10;0;17;306
;063100012;497;0;0;2;293;0;0;0;0;2;2;293;0;3;11;1;0;15;278
;063100013;402;0;0;2;238;0;0;1;0;0;0;238;0;2;7;6;0;15;223
;063100014;460;0;0;2;234;0;0;0;0;0;0;234;0;5;2;2;0;9;225
;063100015;453;0;0;2;266;0;0;0;0;0;0;266;10;0;0;0;0;10;256
;063100016;321;0;0;2;195;0;0;0;0;0;0;195;0;8;2;0;0;10;185
;063100017;246;0;0;2;147;0;0;1;0;0;0;147;0;1;0;1;0;2;145
;063100018;198;0;0;2;126;0;0;0;0;0;0;126;0;3;5;3;0;11;115
;063100019;493;2;0;2;267;0;0;1;0;0;0;267;0;0;0;9;0;9;258
;063100020;409;3;0;2;293;0;0;2;0;0;0;293;0;8;6;0;0;14;279
;063100021;220;0;0;2;148;0;0;2;0;0;0;148;0;2;2;3;0;7;141
;063100022;340;1;0;2;243;0;0;0;0;2;2;243;0;1;1;4;0;6;237
;063100024;637;0;0;2;438;0;0;4;0;1;1;438;3;0;11;2;0;16;422
;063200007;567;0;0;2;474;0;0;9;0;3;3;474;0;3;8;9;0;20;454
;063200008;496;0;17;2;409;0;0;2;17;17;0;409;0;0;3;3;0;6;403
;063200010;288;0;0;2;256;0;0;0;0;19;19;258;0;0;5;5;0;10;248
;063500004;952;6;0;2;747;0;0;4;0;0;0;747;0;18;4;8;1;31;716
;063500005;586;1;0;2;426;0;0;0;0;23;0;426;0;0;6;5;0;11;415
;063500006;500;0;0;2;382;0;0;5;0;6;6;382;0;2;11;7;0;20;362
;063500008;950;2;0;2;673;0;0;0;0;27;0;673;13;0;29;15;0;57;616
П(47010);063500010;2;2;2;0;0;0;0;0;2;0;0;0;0;0;0;2
П(48492);063500010;8;2;8;0;0;0;3;0;8;0;0;0;0;0;0;8
;072900043;524;0;0;2;365;0;0;2;0;14;14;365;17;0;0;0;0;17;348
;072900048;555;0;0;2;344;0;0;7;0;7;7;344;0;8;12;0;0;20;324
;072900049;408;0;0;2;229;0;0;2;0;1;1;229;0;3;6;5;0;14;215
;072900050;531;1;0;2;170;0;0;0;0;0;0;170;0;11;4;0;0;15;155
;072900055;391;0;0;2;267;0;0;4;0;0;0;267;0;2;4;3;0;9;258
;072900062;378;0;0;2;272;0;0;1;0;1;1;272;0;4;11;3;1;19;253
;072900063;621;0;0;2;435;0;0;0;0;0;0;435;1;5;15;14;0;35;400
;072900073;727;0;0;2;302;0;0;0;0;5;5;302;0;2;10;14;0;26;276
П(24178);072900074;5;2;4;0;0;1;1;1;4;0;0;0;0;0;0;4
;073500014;454;0;0;2;248;0;0;0;0;2;2;248;0;0;7;1;0;8;240
;073500015;624;0;0;2;370;0;0;4;0;6;6;370;0;2;1;9;0;12;358
;073500016;655;0;0;2;380;0;0;1;0;3;3;380;0;0;5;3;0;8;372
;073500020;21;0;0;2;15;0;0;0;0;1;1;15;0;0;0;0;0;0;15
;080300026;826;1;0;2;501;0;0;6;0;3;0;501;0;2;5;3;0;10;491
;080300027;1061;0;0;2;676;1;0;17;0;0;0;676;0;16;14;19;0;49;627
;081200014;277;0;0;2;200;1;1;0;0;2;0;200;4;4;0;0;0;8;192
;081200035;434;0;0;2;283;0;0;0;0;0;0;283;0;9;7;5;0;21;262
;081200041;323;1;0;2;223;0;0;0;0;0;0;223;0;0;6;6;0;12;211
;081200046;360;0;0;2;225;0;0;4;0;0;0;225;11;0;0;0;0;11;214
;081200050;399;0;0;2;259;0;0;0;0;0;0;259;0;4;4;1;0;9;250
;081200051;380;0;0;2;226;0;0;0;0;0;0;226;0;11;0;0;0;11;215
;081500002;245;0;0;2;178;0;0;0;0;0;0;178;0;0;0;3;0;3;175
;081500005;414;0;1;2;241;0;0;0;1;0;0;241;11;0;0;0;0;11;230
;081500006;436;0;0;2;277;0;0;0;0;0;0;277;0;0;0;12;0;12;265
;081500011;502;1;0;2;360;0;0;6;0;5;5;356;2;8;0;2;0;12;344
;081500014;272;0;0;2;159;9;0;0;0;0;0;159;0;4;5;0;0;9;150
;081500028;398;0;0;2;316;0;0;0;0;0;0;316;0;0;0;7;0;7;309
;081500031;895;0;0;2;515;0;0;2;0;3;3;515;0;7;11;18;0;36;479
;081500043;484;0;0;2;330;0;0;1;0;0;0;330;0;2;0;3;0;5;325
;081500045;523;0;1;3;361;0;0;0;1;5;0;361;0;12;5;0;0;17;344
;081500050;317;1;0;2;231;0;0;0;0;0;0;231;0;0;0;14;0;14;217
;081500071;295;1;0;2;232;0;0;0;0;0;0;232;0;5;2;1;0;8;224
;081500072;277;0;0;2;277;0;0;4;0;0;0;277;0;0;4;7;0;11;266
;082000006;491;2;0;2;308;0;0;9;0;1;1;308;0;5;3;8;0;16;292
;082000009;476;1;0;2;278;0;0;0;0;0;0;278;0;0;2;3;0;5;273
;082000011;289;0;0;2;195;0;0;3;0;0;0;195;0;0;1;4;0;5;190
;082000012;277;0;0;2;169;0;0;0;0;0;0;169;4;0;0;0;0;4;165
;082700021;438;0;0;2;362;0;0;1;0;15;15;362;0;7;5;8;1;21;341
;082700026;432;0;0;2;360;0;0;0;0;32;32;360;0;0;0;11;0;11;349
;082700028;920;0;0;2;577;0;0;3;0;2;0;577;0;27;4;7;1;39;538
;082700029;541;0;0;2;384;0;0;0;0;0;0;384;0;0;6;6;0;12;372
П(35050);082700037;1;2;1;0;0;0;0;0;1;0;0;0;0;0;0;1
П(51812);082700037;8;2;8;0;0;0;4;4;8;0;0;0;0;0;0;8
П(53953);082700037;2;2;2;0;0;0;1;1;2;0;0;0;0;0;0;2
;082900009;372;0;0;2;260;0;0;1;0;0;0;260;0;8;2;0;0;10;250
;090200021;972;0;0;2;626;0;0;0;0;0;0;626;0;5;3;0;0;8;618
;090200027;37;0;0;2;26;0;0;0;0;0;0;26;0;0;0;0;0;0;26
;090200028;382;2;2;2;240;10;10;0;2;0;2;240;10;0;0;0;0;10;230
;090200029;840;0;0;2;570;0;0;4;0;0;0;570;0;5;4;4;0;13;557
;090200032;160;0;0;2;129;0;0;0;0;0;0;129;0;0;3;0;0;3;126
;090200038;94;0;0;2;54;0;0;0;0;0;0;54;0;0;0;0;0;0;54
;090800009;187;0;0;2;144;0;0;1;0;2;2;144;0;1;4;0;0;5;139
;091400002;510;0;0;2;413;0;0;7;0;0;2;413;0;2;10;2;0;14;399
;091400003;423;0;0;2;330;0;0;0;0;0;0;330;0;0;0;10;0;10;320
;091400004;129;0;0;2;104;0;0;0;0;0;0;104;0;3;0;0;0;3;101
;091400006;324;0;0;2;256;0;0;1;0;0;0;256;0;2;3;2;0;7;249
;091400007;322;0;0;2;268;0;0;4;0;1;1;268;0;6;2;0;0;8;260
;091400011;513;0;0;2;350;0;0;5;0;4;4;350;0;7;2;2;0;11;339
;091400012;708;0;0;2;492;0;0;4;0;0;0;492;0;9;0;2;0;11;481
;091400013;97;0;0;2;83;0;0;0;0;0;0;83;0;0;0;0;0;0;83
;091400034;541;0;0;2;372;0;0;0;0;9;9;372;0;3;3;3;0;9;363
;091400035;456;0;0;2;278;0;0;0;0;7;7;278;0;8;0;1;0;9;269
;091400065;578;0;0;2;360;0;0;0;0;0;0;360;0;1;2;1;0;4;356
;091400066;617;0;0;2;390;0;0;2;0;1;1;390;0;0;5;10;1;16;374
;091500015;75;0;0;2;51;0;0;1;0;0;0;51;0;0;0;3;0;3;48
;091500016;149;0;0;2;115;0;0;0;0;1;1;115;0;0;1;1;0;2;113
;091500043;408;0;0;2;299;12;0;12;0;4;0;299;12;0;0;0;0;12;287
;091500044;108;0;0;2;81;0;0;0;0;0;0;81;0;0;1;0;0;1;80
;091500045;59;0;0;2;35;2;0;0;0;0;0;35;0;1;1;0;0;2;33
;091500046;26;0;0;2;13;0;0;0;0;0;0;13;0;0;0;1;0;1;12
;091500059;399;0;0;2;295;6;0;3;0;0;0;295;2;1;3;0;0;6;289
;091500064;323;0;0;2;239;13;0;0;0;0;0;239;0;3;5;0;0;8;231
;091600064;604;1;0;2;436;0;0;5;0;0;0;436;0;1;4;6;0;11;425
;091600065;260;0;0;2;144;0;0;1;0;0;0;144;0;4;4;1;0;9;135
;100400011;431;0;0;2;334;0;0;3;0;5;5;334;0;4;6;3;0;13;321
П(15535);100400027;1;2;1;0;0;0;0;1;1;0;0;0;0;0;0;1
Е;100500999;1;1;1;421;0;0;2;305;0;0;1;0;13;13;305;0;6;6;5;0;17;288
Е;100500999;1;1;1;404;0;0;2;305;0;0;3;0;1;1;306;0;4;5;7;0;16;290
;102700006;268;1;0;2;194;0;0;0;0;0;8;194;0;2;4;4;0;10;184
;102700007;319;0;0;2;237;0;0;2;0;5;0;237;4;0;0;4;0;8;229
;102700008;397;0;0;2;316;4;0;5;0;0;0;316;5;6;0;0;0;11;305
;102900061;682;0;0;2;507;0;0;4;0;0;0;507;0;4;7;5;2;18;489
;102900080;717;0;0;2;460;0;0;0;0;0;0;460;0;0;3;2;0;5;455
;102900081;740;1;0;2;501;0;0;1;0;0;0;501;0;0;6;0;0;6;495
;102900082;483;0;0;2;340;0;0;1;0;0;0;340;0;3;3;2;0;8;332
;102900087;598;0;1;2;470;0;0;0;1;0;1;470;0;11;0;1;1;13;457
;102900090;602;1;0;2;414;0;0;3;0;5;5;414;3;4;0;2;0;9;405
;102900091;835;0;0;2;571;11;0;7;0;0;0;571;7;0;0;4;0;11;560
;102900093;704;1;0;2;474;1;0;1;0;0;0;474;3;0;4;0;0;7;467
;102900096;348;0;0;2;239;0;0;0;0;0;0;239;10;0;0;0;0;10;229
;104100007;967;0;0;2;715;0;0;2;0;1;0;715;0;6;14;2;0;22;693
;104800053;685;0;0;2;345;0;0;0;0;0;0;345;0;0;12;9;0;21;324
;104800054;786;0;0;2;386;0;0;0;0;0;0;386;0;7;10;0;0;17;369
;104800057;622;1;5;2;417;0;0;0;5;4;4;417;0;11;0;0;0;11;406
;104800058;555;0;0;2;344;0;0;12;0;0;0;344;0;0;12;0;0;12;332
;104800059;656;0;0;2;424;0;0;0;0;0;0;424;0;14;0;0;0;14;410
;104800067;521;0;0;2;304;0;0;2;0;0;0;304;8;0;6;0;0;14;290
;104800068;558;0;0;2;314;0;0;0;0;0;0;314;0;1;8;6;1;16;298
;111700006;585;0;0;2;403;0;0;1;0;1;1;403;0;5;12;4;0;21;382
;111700007;347;0;3;2;261;0;0;0;3;2;2;261;6;2;1;0;0;9;252
;111800042;852;5;0;2;552;0;0;1;0;3;0;552;0;0;6;16;1;23;529
;111800044;695;0;0;2;543;0;0;3;0;3;0;543;0;4;5;3;0;12;531
;111800046;592;0;0;2;473;0;0;0;0;17;0;473;0;0;6;13;0;19;454
;111800048;633;0;0;2;522;0;0;2;0;3;3;522;0;33;1;1;1;36;486
;111800052;698;0;0;2;539;0;0;8;0;60;60;539;0;10;8;0;0;18;521
;111800071;866;0;0;2;496;0;0;4;0;8;0;496;0;7;5;6;1;19;477
;111800072;662;0;0;2;357;0;0;0;0;0;0;357;0;7;0;14;0;21;336
;111800076;1003;1;0;2;664;0;0;2;0;3;3;664;5;0;3;6;0;14;650
;111900012;337;0;0;2;255;13;0;0;0;5;0;255;0;9;2;4;0;15;240
;111900018;679;0;0;2;508;0;0;1;0;10;10;508;2;0;14;5;0;21;487
;111900019;695;0;0;2;486;0;0;5;0;5;5;486;0;4;8;10;0;22;464
;111900020;617;0;0;2;408;0;0;2;0;0;0;408;0;0;12;0;0;12;396
;111900021;510;0;0;2;336;0;0;2;0;0;0;336;0;0;5;2;0;7;329
;111900022;797;0;0;2;382;25;0;0;0;0;0;382;0;16;7;9;0;32;350
;111900023;699;0;0;2;458;0;0;0;0;0;0;458;0;3;2;7;0;12;446
;111900024;730;0;0;2;506;0;0;2;0;2;2;506;0;10;0;15;0;25;481
;111900025;347;0;2;2;259;0;0;0;2;2;2;259;0;5;1;3;0;9;250
;113300002;478;0;2;2;340;0;0;1;2;2;2;340;0;0;5;16;0;21;319
;113300003;553;1;0;2;386;0;0;3;0;0;0;386;0;0;5;6;0;11;375
;113300008;648;3;0;2;495;0;0;0;0;2;0;495;0;3;5;2;0;10;485
;113300009;680;3;2;2;495;0;0;5;2;2;2;495;0;5;3;2;0;10;485
;113300010;441;1;0;2;313;0;0;0;0;0;0;313;0;0;0;7;0;7;306
;113300011;425;0;0;2;264;0;0;0;0;0;0;264;0;10;6;0;0;16;248
;113300012;68;0;0;2;50;0;0;0;0;0;0;50;0;0;0;0;0;0;50
;113300013;185;0;0;2;159;0;0;3;0;0;0;159;0;3;3;0;0;6;153
;113300014;148;0;0;2;128;0;0;0;0;0;0;128;0;1;1;1;1;4;124
;113300015;73;0;0;2;62;2;1;2;0;0;0;62;0;0;1;1;0;2;60
;113300016;586;0;0;2;357;0;0;2;0;0;0;357;0;6;4;0;0;10;347
;113300017;899;2;0;2;561;0;0;0;0;4;0;561;0;7;0;7;0;14;547
;113300020;556;0;0;2;358;0;0;4;0;0;0;358;0;6;2;1;0;9;349
;113300021;281;0;0;2;191;0;0;1;0;1;0;191;0;1;0;0;0;1;190
;113300022;174;0;0;2;121;0;0;0;0;0;0;121;0;5;0;2;0;7;114
;113300038;256;0;0;2;170;0;0;0;0;0;2;170;0;4;0;1;0;5;165
;113300039;171;0;0;2;106;0;0;0;0;0;0;106;0;4;3;2;0;9;97
;113300040;164;1;0;2;117;0;0;0;0;0;0;117;0;2;1;1;0;4;113
;113400044;308;0;0;2;244;0;0;2;0;11;11;244;0;4;4;3;0;11;233
;113400045;258;0;0;2;195;0;0;1;0;1;1;195;0;0;1;1;0;2;193
;113400046;78;0;0;2;62;0;0;0;0;0;3;62;0;0;1;0;0;1;61
;113400048;543;0;0;2;425;0;0;3;0;11;11;425;0;10;0;0;0;10;415
;113400055;610;0;0;2;447;0;0;5;0;1;1;447;0;7;8;3;0;18;429
;113400065;759;0;0;2;597;0;0;0;0;5;0;597;0;0;27;0;0;27;570
;113400067;587;0;0;2;446;0;0;2;0;15;0;446;0;4;3;3;0;10;436
;113600005;341;0;0;2;237;0;0;1;0;11;11;237;1;0;2;3;0;6;231
;113600008;965;0;0;2;713;0;0;6;0;9;0;713;12;9;9;0;0;30;683
;113800007;675;0;0;2;464;0;0;0;0;5;5;464;0;0;10;18;0;28;436
;113800009;460;0;0;2;348;0;0;0;0;0;0;348;0;6;0;0;0;6;342
;120200036;676;0;0;2;488;0;0;4;0;1;0;488;0;6;6;4;0;16;472
;120200037;713;0;0;2;475;0;0;3;0;0;0;475;0;17;8;3;1;29;446
;120200038;607;0;0;2;501;0;0;0;0;0;0;501;0;0;8;12;0;20;481
;120200039;602;0;0;2;387;0;0;2;0;0;1;387;0;3;4;0;0;7;380
;120200040;545;1;0;2;355;0;0;5;0;0;0;355;0;23;7;0;0;30;325
;120400004;533;0;0;2;328;0;0;1;0;2;0;328;0;1;2;10;0;13;315
;120400005;558;0;0;2;367;0;0;0;0;0;0;367;0;9;4;10;0;23;344
;120400007;651;0;2;2;459;0;0;4;2;2;2;459;0;0;6;12;0;18;441
;120400010;362;0;0;2;307;0;0;2;0;0;0;307;0;1;3;0;0;4;303
;120400014;474;0;2;2;288;0;0;0;2;2;2;288;6;0;0;3;0;9;279
;120400015;563;0;0;2;336;0;0;6;0;1;1;336;0;13;5;15;0;33;303
;120400016;526;0;0;2;302;0;0;0;0;2;2;302;0;1;4;2;0;7;295
;120400017;713;0;0;2;488;0;0;3;0;5;0;488;0;11;5;1;0;17;471
;120400019;37;0;0;2;27;0;0;0;0;16;16;27;0;3;0;2;0;5;22
;121100008;899;1;0;2;648;2;0;0;0;0;0;648;0;8;20;7;0;35;613
;121100014;659;0;0;2;482;17;0;0;0;13;0;482;10;3;4;0;0;17;465
;121200009;357;0;0;2;268;0;0;0;0;2;2;268;0;2;1;2;0;5;263
;121400005;416;0;0;2;336;0;0;0;0;0;0;336;0;4;12;1;0;17;319
;121400010;603;0;0;2;513;0;0;0;0;18;0;513;6;2;1;2;0;11;502
П(15299);121400013;2;2;2;0;0;0;1;1;2;0;0;0;0;0;0;2
П(38488);121400013;10;2;10;0;0;0;2;2;10;0;1;0;0;0;1;9
;122400038;309;0;0;2;228;0;0;0;0;0;0;228;0;0;0;4;0;4;224
;122400039;518;0;0;2;393;0;0;4;0;0;0;393;0;0;4;5;0;9;384
;122400040;656;0;0;2;479;0;0;0;0;3;3;479;0;5;11;5;0;21;458
;122400041;518;0;0;2;378;0;0;34;0;0;0;378;0;6;28;0;0;34;344
;122400045;600;0;0;2;416;0;0;9;0;5;0;416;0;5;3;5;0;13;403
;122400046;455;1;0;2;351;0;0;0;0;0;0;351;8;0;0;0;0;8;343
П(37544);122400053;6;2;5;0;0;0;0;1;5;0;0;0;0;0;0;5
П(68672);122400053;1;2;1;0;0;0;0;0;1;0;0;0;0;0;0;1
;122600005;446;0;0;2;356;0;0;3;0;13;13;356;0;4;3;2;0;9;347
;122600006;519;0;0;2;360;0;0;1;0;25;0;360;0;0;11;0;1;12;348
;122600007;550;0;0;2;370;0;0;0;0;6;0;370;26;0;0;0;0;26;344
;122900059;556;0;0;2;433;17;0;0;0;0;0;433;0;0;17;0;0;17;416
;122900068;578;0;0;2;414;0;0;5;0;0;0;414;0;6;5;8;0;19;395
;122900076;493;0;0;2;421;0;0;0;0;0;0;421;0;4;7;7;4;22;399
;122900077;523;0;0;2;424;0;0;0;0;0;0;424;0;0;4;5;0;9;415
;122900078;538;0;0;2;428;0;0;6;0;4;4;428;0;0;4;11;0;15;413
П(67667);122900083;2;2;2;0;0;0;2;2;2;0;0;0;0;0;0;2
П(70024);122900083;3;2;3;0;0;0;0;0;3;0;0;0;0;0;0;3
;123600005;324;0;0;2;232;0;0;0;0;1;1;232;0;1;9;1;0;11;221
;123600006;458;0;1;2;351;0;0;0;1;1;0;351;5;3;2;10;0;20;331
П(29115);123600013;2;2;2;0;0;0;1;0;2;0;0;0;0;0;0;2
;123800007;643;0;0;2;479;0;0;1;0;0;0;479;7;0;0;6;0;13;466
;130400006;484;0;0;2;396;0;0;4;0;19;19;396;0;0;0;5;0;5;391
;130400007;859;0;0;2;562;0;0;1;0;3;3;562;14;23;0;11;0;48;514
;130400009;454;1;0;2;294;0;0;0;0;8;0;294;0;0;0;6;0;6;288
;130400010;916;0;0;2;618;0;0;10;0;5;5;618;0;2;13;9;0;24;594
;130400014;448;0;0;2;359;0;0;8;0;7;7;359;0;7;5;4;0;16;343
;130600006;359;0;0;2;278;0;0;3;0;14;0;278;0;0;7;2;0;9;269
;130600007;315;0;0;2;259;5;0;0;0;16;16;259;0;0;5;0;0;5;254
;130600008;460;1;0;2;385;0;0;1;0;0;0;385;0;3;5;5;0;13;372
;130600009;591;0;0;2;453;0;0;4;0;25;0;453;0;12;2;0;0;14;439
;130600010;650;0;0;2;466;0;0;0;0;25;25;466;0;13;7;2;0;22;444
;130600011;399;0;0;2;399;0;0;8;0;0;0;399;0;0;5;5;0;10;389
;130600012;498;1;0;2;265;0;0;0;0;0;0;265;0;13;2;0;0;15;250
;130600013;416;0;0;2;269;0;0;2;0;0;0;269;0;0;19;0;0;19;250
;130600014;439;1;0;2;322;0;0;0;0;0;0;322;0;0;4;1;0;5;317
;130600015;504;0;0;2;306;0;0;2;0;1;0;306;0;7;6;11;0;24;282
П(32888);130600017;4;2;4;0;0;0;0;0;4;0;0;0;0;0;0;4
П(37705);130600017;2;2;2;0;0;0;1;0;2;0;0;0;0;0;0;2
;130800043;641;0;0;2;538;0;0;0;0;7;7;538;0;0;7;10;0;17;521
;130800044;880;0;0;2;706;0;0;3;0;0;0;706;0;5;3;15;0;23;683
;130800045;435;0;0;2;333;0;0;0;0;1;1;333;0;2;3;3;0;8;325
;130800055;315;0;2;2;275;0;0;0;2;2;2;275;0;0;0;4;0;4;271
;130800059;1097;2;1;2;800;0;0;0;1;3;3;800;0;7;5;7;0;19;781
;130800060;986;0;0;2;630;0;0;0;0;0;0;630;0;0;11;0;0;11;619
;130800061;999;0;0;2;726;0;0;0;0;2;0;726;0;0;0;9;0;9;717
;131400003;898;1;0;2;652;23;0;5;0;40;0;652;0;0;0;23;0;23;629
;131400006;338;0;0;2;278;0;0;0;0;5;5;278;2;1;6;3;0;12;266
;131400007;792;0;0;2;503;0;0;0;0;5;5;503;9;5;10;5;0;29;474
П(78478);131400010;7;2;7;0;0;0;5;5;7;0;0;0;0;0;0;7
;131900154;369;0;2;2;299;0;0;0;2;0;0;299;0;6;0;0;16;22;277
;131900155;846;0;0;2;662;0;0;0;0;0;0;662;0;8;0;0;0;8;654
;131900156;933;0;0;2;515;0;0;7;0;0;0;515;0;11;2;23;0;36;479
;131900157;909;0;0;2;617;0;0;4;0;0;0;617;20;0;0;0;1;21;596
;131900161;577;0;0;2;425;0;0;3;0;2;0;425;0;0;14;0;0;14;411
;131900162;629;0;0;2;479;0;0;0;0;3;0;479;0;0;1;12;0;13;466
;131900165;550;0;0;2;368;0;0;0;0;0;0;368;0;1;7;2;0;10;358
;131900166;889;0;0;2;459;2;0;0;0;4;0;459;0;0;2;7;0;9;450
;131900167;809;0;0;2;482;0;0;0;0;3;0;482;0;7;1;0;0;8;474
;131900168;868;0;0;2;437;0;0;2;0;2;0;437;0;0;6;5;0;11;426
;131900169;822;0;0;2;576;0;0;1;0;0;0;576;0;7;1;0;0;8;568
;131900170;881;0;0;2;443;0;0;1;0;0;0;443;0;10;5;2;0;17;426
;131900177;762;0;0;2;429;0;0;2;0;6;6;429;0;4;3;10;0;17;412
;131900178;891;0;0;2;557;0;0;2;0;3;3;557;0;0;0;17;0;17;540
;131900181;601;0;0;2;388;0;0;0;0;0;0;388;0;6;0;4;0;10;378
;131900182;533;0;0;2;306;0;0;1;0;2;2;306;0;2;4;2;0;8;298
;131900183;583;0;0;2;456;0;0;2;0;0;6;456;0;7;5;0;0;12;444
;131900185;876;0;0;2;621;0;0;0;0;0;0;621;32;8;5;0;0;45;576
;131900186;833;0;0;2;620;0;0;1;0;3;3;620;0;23;4;5;0;32;588
;131900188;503;0;0;2;335;0;0;1;0;2;2;335;0;3;5;5;0;13;322
;131900193;1007;1;0;2;832;0;0;7;0;13;13;832;0;0;12;21;2;35;797
;131900201;582;0;0;2;336;0;0;4;0;6;6;336;0;0;4;5;3;12;324
;131900202;534;0;0;2;367;24;0;0;0;1;1;367;0;16;6;2;0;24;343
;131900205;574;0;4;2;380;13;0;13;4;0;0;380;0;10;3;0;0;13;367
;132000025;721;0;0;2;505;0;0;2;0;3;0;505;0;4;10;2;0;16;489
;132000028;757;0;0;2;574;0;0;0;0;3;0;574;0;9;14;3;0;26;548
;132000038;963;0;0;2;555;0;0;0;0;0;0;555;0;2;12;8;0;22;533
;132000039;916;2;0;2;541;0;0;3;0;0;0;541;0;7;13;10;0;30;511
;132100026;724;2;0;2;571;0;0;1;0;14;14;571;0;19;13;6;0;38;533
;132100027;603;0;0;2;483;0;0;0;0;23;23;483;23;0;13;4;0;40;443
;132400009;788;0;0;2;504;0;0;1;0;0;0;504;0;4;9;9;0;22;482
;132400010;845;0;2;2;534;0;0;0;2;0;0;534;0;6;9;10;0;25;509
;132400011;968;1;0;2;611;0;0;0;0;0;0;611;0;24;20;0;0;44;567
;132400012;959;0;0;2;524;1;0;3;0;0;0;524;0;0;20;23;0;43;481
;132900010;926;0;0;2;702;31;0;0;0;1;0;702;0;0;0;31;0;31;671
;132900011;965;0;0;2;663;25;0;0;0;17;0;663;0;0;12;14;0;26;637
;132900012;601;0;0;2;357;0;0;4;0;0;0;357;11;0;12;0;0;23;334
;132900013;729;0;1;2;411;0;0;0;1;0;0;411;0;9;8;10;0;27;384
;132900014;946;0;1;2;442;0;0;0;1;0;0;442;0;18;6;0;0;24;418
;132900015;719;0;0;2;409;0;0;0;0;1;0;409;0;4;11;4;0;19;390
;132900016;626;1;1;2;389;0;0;0;1;1;1;389;10;0;0;0;0;10;379
;132900017;669;0;0;2;408;0;0;4;0;0;0;408;0;2;8;3;0;13;395
;132900018;640;1;0;2;428;0;0;2;0;3;3;428;0;25;4;0;0;29;399
;132900019;656;0;0;2;478;0;0;0;0;9;9;478;0;1;5;12;0;18;460
;132900021;671;0;2;2;566;0;0;0;2;2;0;566;0;20;6;0;0;26;540
;132900022;898;0;0;2;736;0;0;0;0;29;29;736;11;6;0;13;0;30;706
;132900023;1003;0;0;2;731;59;0;0;0;0;0;731;0;0;0;59;0;59;672
;132900024;598;0;0;2;458;21;0;5;0;0;0;458;21;0;0;0;0;21;437
;132900025;619;0;0;2;486;0;0;0;0;1;0;486;0;1;2;6;0;9;477
;132900026;912;0;0;2;653;0;0;3;0;27;27;653;0;2;8;5;0;15;638
;132900027;871;0;0;2;614;0;0;18;0;0;0;614;0;18;15;0;0;33;581
;132900028;774;0;0;2;517;0;0;6;0;0;0;517;0;0;3;17;0;20;497
;132900029;792;2;0;2;527;0;0;1;0;1;0;527;0;3;13;10;0;26;501
;143200001;591;8;0;2;256;0;0;0;0;0;0;256;0;0;6;1;0;7;249
;143200002;657;1;0;2;272;0;0;1;0;2;2;272;0;0;2;4;0;6;266
;143200003;904;1;0;2;444;0;0;6;0;1;1;444;0;0;11;3;0;14;430
;143200004;615;3;2;2;300;0;0;0;2;3;3;300;0;0;8;2;0;10;290
;143200005;572;0;0;2;275;0;0;0;0;0;0;275;0;0;4;2;0;6;269
;143200006;534;0;0;2;241;0;0;1;0;0;0;241;0;1;6;0;0;7;234
;143200007;579;0;1;2;278;0;0;1;1;1;1;278;0;3;9;3;0;15;263
;143200008;616;0;0;2;302;0;0;0;0;0;0;302;6;0;0;0;0;6;296
;143200009;704;2;0;2;360;0;0;0;0;3;3;360;0;0;2;1;0;3;357
;143200010;797;1;0;2;406;0;0;0;0;1;1;406;0;2;9;3;0;14;392
;143200011;595;0;0;2;317;1;0;1;0;0;0;317;0;0;3;3;0;6;311
;143200012;585;1;0;2;342;0;0;1;0;0;0;342;0;0;2;0;0;2;340
;143200013;804;3;0;2;429;0;0;4;0;0;0;429;0;4;12;0;0;16;413
;143200014;503;2;0;2;248;0;0;4;0;0;0;248;1;1;2;2;0;6;242
;143200015;596;3;0;2;256;0;0;0;0;1;1;256;0;0;10;0;0;10;246
;143200016;545;0;0;2;214;0;0;0;0;0;0;214;0;0;4;1;0;5;209
;143200017;646;1;0;2;284;0;0;1;0;1;1;284;2;0;2;2;0;6;278
;143200018;947;2;0;2;407;0;0;5;0;0;0;407;0;2;9;1;0;12;395
;143200019;584;0;0;2;320;0;0;5;0;1;1;320;0;2;3;0;0;5;315
;143200020;657;0;0;2;331;0;0;0;0;0;0;331;0;2;12;2;0;16;315
;143200021;554;0;0;2;234;0;9;0;0;1;1;234;0;0;3;6;0;9;225
;143200022;670;2;0;2;277;0;0;1;0;1;1;277;0;3;0;7;0;10;267
;143200023;704;1;0;2;279;0;0;0;0;0;0;279;0;0;5;2;0;7;272
;143200024;591;0;0;2;274;0;0;2;0;0;0;274;0;1;2;2;0;5;269
;143200025;563;0;0;2;220;0;0;2;0;0;0;220;0;0;3;3;0;6;214
;143200026;703;0;0;2;283;0;0;0;0;0;0;283;0;0;6;0;0;6;277
;143200027;778;0;0;2;346;0;0;0;0;0;0;346;0;0;4;3;0;7;339
;143200028;734;0;0;2;279;0;0;0;0;0;0;279;0;0;10;3;0;13;266
;143200029;475;1;0;2;228;0;0;0;0;0;0;228;0;0;6;0;0;6;222
;143200030;465;0;0;2;180;0;0;3;0;0;0;180;0;0;0;0;0;0;180
;143200031;733;0;0;2;327;0;0;1;0;1;1;327;4;0;0;0;0;4;323
;143200032;645;0;0;2;300;0;0;0;0;0;0;300;0;1;9;0;0;10;290
;143200033;982;1;0;2;431;0;0;1;0;0;0;431;0;2;6;2;0;10;421
;143200034;938;1;0;2;398;0;0;0;0;0;0;398;2;2;0;0;5;9;389
;143200035;519;0;0;2;443;0;0;4;0;2;2;443;0;1;7;3;0;11;432
;143200036;571;0;0;2;398;0;0;0;0;3;3;398;0;4;4;1;1;10;388
;143200037;477;0;0;2;346;0;0;0;0;0;0;346;0;0;6;1;0;7;339
;143200038;566;2;2;2;376;0;0;4;2;2;2;376;0;4;5;0;0;9;367
;143200046;889;3;0;2;646;0;0;8;0;0;0;646;0;0;9;1;1;11;635
;143200047;628;0;0;2;467;0;0;0;0;0;0;467;1;0;8;0;0;9;458
;143200049;1107;0;0;2;835;0;0;0;0;17;17;835;0;0;25;0;1;26;809
;143200050;937;0;0;2;679;0;0;0;0;0;0;679;0;0;18;0;0;18;661
;143200118;738;0;0;2;565;0;0;0;0;8;8;565;0;0;15;8;0;23;542
;143200119;565;3;0;2;568;0;0;6;0;10;10;568;11;4;0;2;0;17;551
;143200120;814;0;0;2;551;0;0;6;0;2;2;551;0;3;7;2;3;15;536
;143200121;826;0;0;2;677;0;0;0;0;0;0;677;29;0;0;0;0;29;648
;143200126;661;0;0;2;384;0;0;0;0;0;0;384;0;3;0;5;0;8;376
;143200127;692;0;0;2;414;0;0;2;0;0;0;414;0;2;7;9;0;18;396
;143200128;689;0;0;2;437;0;0;0;0;0;0;437;28;0;0;0;0;28;409
;143600019;341;0;0;2;176;0;0;0;0;0;1;176;0;1;1;0;0;2;174
;143600020;400;0;0;2;260;0;0;4;0;0;0;260;0;2;6;3;0;11;249
;143600021;226;0;0;2;147;0;0;0;0;0;0;147;6;0;8;0;0;14;133
;143600037;478;0;0;2;411;0;0;0;0;0;0;409;0;0;0;9;1;10;399
;150300011;390;0;0;2;319;0;0;0;0;0;0;319;0;0;6;3;1;10;309
;150800005;385;1;0;2;310;0;0;0;0;2;2;310;0;0;10;0;0;10;300
;150800007;411;1;0;2;319;0;0;4;0;11;11;319;12;0;2;0;0;14;305
;150800011;653;1;0;2;487;0;0;0;0;2;0;487;0;2;8;6;2;18;469
;150800012;709;0;0;2;459;0;0;8;0;0;0;459;0;3;8;3;0;14;445
;150800013;760;0;1;2;521;0;0;5;1;5;0;521;0;1;6;9;0;16;505
;150800014;596;0;0;2;401;0;0;0;0;2;2;401;0;10;8;4;1;23;378
;150800019;359;0;0;2;287;0;0;0;0;7;7;287;0;11;2;0;0;13;274
;151000001;475;0;0;2;359;0;0;3;0;9;9;359;0;0;8;8;0;16;343
;151000002;507;0;0;2;384;0;0;1;0;0;0;384;0;11;7;0;0;18;366
;151000005;535;0;0;2;287;0;0;0;0;0;0;287;0;0;0;9;0;9;278
;151000006;491;0;1;2;297;0;0;1;1;0;0;297;0;2;1;6;0;9;288
;151000007;506;0;0;2;313;0;0;0;0;1;0;313;0;4;3;5;5;17;296
;151000015;444;1;0;2;260;0;0;3;0;0;0;260;0;7;10;2;0;19;241
;151000016;582;1;0;2;339;0;0;0;0;0;0;339;0;0;11;9;0;20;319
;151000017;442;0;0;2;294;0;0;5;0;0;0;294;0;5;2;4;0;11;283
;151000018;458;0;0;2;277;1;0;0;0;0;0;277;0;2;5;3;2;12;265
;151000019;353;0;0;2;237;0;0;0;0;0;0;237;0;0;16;6;0;22;215
;151000021;864;0;0;2;612;0;0;6;0;3;0;612;0;7;12;0;0;19;593
;151000022;655;0;0;2;489;0;0;1;0;0;0;489;0;12;18;0;0;30;459
;151000027;591;0;0;2;317;26;0;0;0;1;0;317;26;0;0;0;0;26;291
;151000028;455;0;0;2;269;0;0;0;0;1;1;269;0;2;4;2;0;8;261
;151000029;515;0;0;2;328;0;0;0;0;1;0;328;0;3;5;12;0;20;308
;151000030;518;0;0;2;306;0;0;1;0;0;0;306;0;3;9;2;0;14;292
;151000031;603;0;0;2;320;0;0;0;0;1;0;320;0;0;6;10;0;16;304
;151000032;633;1;0;2;372;0;0;2;0;0;0;372;0;3;12;10;0;25;347
;151000033;528;0;0;2;259;0;0;0;0;0;0;259;0;1;3;3;0;7;252
;151100009;540;0;0;2;357;0;0;1;0;3;0;357;4;4;3;4;0;15;342
;151100010;655;0;0;2;428;0;0;0;0;0;0;428;0;5;4;0;0;9;419
;151100012;679;0;1;2;224;0;0;0;1;1;1;224;0;5;0;9;0;14;210
;151100013;550;0;0;2;347;0;0;3;0;0;0;347;5;0;0;5;0;10;337
;151100014;605;0;0;2;258;0;0;1;0;3;3;258;0;0;5;2;0;7;251
;151600015;705;0;0;2;410;25;0;0;0;8;0;410;0;13;5;7;0;25;385
;151600016;633;0;0;2;345;0;0;2;0;24;0;345;0;0;4;10;0;14;331
;151600021;610;0;0;2;419;0;0;0;0;0;0;419;10;0;5;0;0;15;404
;151600022;439;0;0;2;286;0;0;1;0;0;0;286;0;6;3;5;0;14;272
;151600023;405;0;0;2;305;0;0;0;0;11;0;305;0;2;2;1;0;5;300
;151600024;771;0;0;2;595;0;0;0;0;3;0;598;0;11;8;6;0;25;573
;151600027;530;0;0;2;355;18;0;0;0;7;0;355;0;0;0;18;0;18;337
;151600028;664;0;0;2;435;0;0;0;0;0;0;435;10;0;0;0;0;10;425
;151600029;713;0;0;2;414;0;0;5;0;0;0;414;3;21;0;0;0;24;390
;151600031;653;0;0;2;499;0;0;0;0;0;0;499;0;2;6;7;0;15;484
;152100006;766;0;0;2;569;0;0;0;0;0;0;569;0;5;11;1;0;17;552
;152100013;561;0;0;2;402;0;0;4;0;5;0;402;0;6;4;0;0;10;392
;152100015;1104;2;0;2;733;0;0;20;0;7;7;733;0;0;13;13;0;26;707
;152300005;444;0;0;2;292;0;0;2;0;1;1;292;0;3;2;3;0;8;284
;152300006;677;0;0;2;399;0;0;1;0;2;2;399;0;0;8;3;0;11;388
;152300007;527;0;0;2;309;0;0;4;0;0;3;309;0;10;5;4;0;19;290
;152400200;629;0;0;2;476;0;0;0;0;0;0;476;0;9;7;11;0;27;449
;152400201;624;1;0;2;412;0;0;0;0;0;0;412;0;8;2;9;0;19;393
;152400202;858;1;20;2;638;0;0;0;20;20;20;638;0;7;0;14;0;21;617
;152400207;437;1;0;2;367;0;0;0;0;6;6;367;0;2;4;1;0;7;360
;152400209;603;0;0;2;385;0;0;0;0;0;0;385;2;0;2;0;0;4;381
;152400210;847;0;0;2;545;0;0;2;0;0;0;545;0;3;3;1;0;7;538
;152400218;825;2;0;2;482;0;0;1;0;0;0;482;3;0;3;0;0;6;476
;152400219;704;0;0;2;399;0;0;0;0;0;0;399;0;0;5;5;0;10;389
;152400230;746;0;0;2;440;0;0;5;0;5;5;440;0;12;12;4;0;28;412
;152400231;766;0;0;2;431;0;0;0;0;3;3;431;0;2;9;6;0;17;414
;152400232;875;0;0;2;506;0;0;0;0;3;3;506;0;4;3;5;0;12;494
;152400233;496;0;0;2;271;0;0;0;0;0;0;271;0;0;1;0;0;1;270
;152400234;637;1;0;2;462;0;0;0;0;6;6;462;0;18;8;5;0;31;431
;152400235;41;1;1;2;28;0;0;0;1;0;0;28;4;0;0;0;0;4;24
;152700005;907;0;0;2;625;0;0;0;0;2;0;625;0;24;11;0;0;35;590
;152700009;880;0;0;3;664;0;0;1;0;0;0;664;0;5;19;2;1;27;637
;153700001;414;1;0;2;354;7;0;0;0;22;0;354;0;0;3;4;0;7;347
;153700002;479;0;0;2;318;0;0;0;0;0;0;318;0;0;6;12;0;18;300
;153700003;659;0;0;2;417;25;0;3;0;0;0;417;0;0;10;15;0;25;392
;153700015;797;2;0;2;622;0;0;0;0;9;0;622;0;0;9;13;0;22;600
;153700017;972;0;0;2;672;0;0;0;0;0;0;672;0;7;13;9;0;29;643
;153700038;476;8;1;2;315;0;0;0;1;8;8;315;0;0;4;4;0;8;307
;153700039;486;1;2;2;323;0;0;4;2;2;2;323;0;8;5;2;0;15;308
;160100075;745;0;0;2;625;0;0;0;0;13;13;625;11;0;1;0;0;12;613
;160100076;562;0;0;2;408;0;0;3;0;0;0;408;0;0;10;5;0;15;393
;160100081;387;0;0;2;309;0;0;2;0;19;19;309;0;1;4;3;0;8;301
;160100096;578;0;0;2;447;0;0;0;0;1;1;447;8;0;0;0;0;8;439
;160100099;365;6;0;2;304;9;0;0;0;3;0;304;0;1;4;3;1;9;295
;160700004;379;0;0;2;253;0;0;1;0;2;2;253;0;1;1;2;0;4;249
;160700005;404;0;0;2;263;0;0;3;0;4;0;263;0;1;4;3;0;8;255
;160700007;412;0;0;2;344;0;0;4;0;3;0;344;0;0;4;6;0;10;334
;160700013;347;0;0;2;293;0;0;3;0;9;9;293;0;0;11;0;0;11;282
;160700015;628;0;0;2;527;0;0;0;0;0;3;527;0;0;6;15;0;21;506
;160700018;537;0;0;2;390;0;0;1;0;0;0;390;0;11;3;3;0;17;373
П(5356);160700020;4;2;4;0;0;0;3;0;4;0;0;0;0;0;0;4
П(23580);160700020;3;2;3;0;0;0;2;0;3;0;0;0;0;0;0;3
П(30750);160700020;3;2;2;0;0;0;0;0;2;0;0;0;0;0;0;2
П(58983);160700020;2;2;2;0;0;0;1;0;2;0;0;0;0;0;0;2
;161200005;706;0;0;2;510;0;0;2;0;6;0;510;0;13;9;4;0;26;484
;161200006;653;1;0;2;458;0;0;1;0;0;0;458;0;14;5;3;0;22;436
;161200007;974;0;0;2;559;0;0;4;0;0;0;559;0;12;8;7;0;27;532
;161200008;691;0;0;2;478;0;0;5;0;0;0;478;0;3;5;9;0;17;461
;161200020;564;0;0;2;438;0;0;0;0;0;0;438;0;0;17;0;0;17;421
;161300030;681;0;0;2;412;0;0;1;0;0;0;412;0;13;4;1;0;18;394
;161300031;751;0;0;2;458;0;0;7;0;0;0;458;3;0;4;1;0;8;450
;161300032;781;0;0;2;425;0;0;0;0;2;0;425;0;10;2;0;1;13;412
;161300033;801;0;0;2;475;0;0;9;0;0;0;475;0;4;3;4;0;11;464
;161300034;482;0;0;2;376;0;0;0;0;9;9;376;0;10;6;3;0;19;357
;161300040;661;0;0;2;427;0;0;1;0;1;1;427;0;7;4;2;0;13;414
;161300041;721;0;0;2;504;0;0;5;0;3;3;504;0;4;12;6;1;23;481
;161300047;940;0;0;2;587;0;0;4;0;2;0;587;0;6;14;5;0;25;562
;161300048;916;1;0;2;594;0;0;0;0;0;0;594;0;0;7;12;1;20;574
;161300049;464;1;0;2;320;0;0;0;0;0;0;320;0;0;11;0;0;11;309
;161300051;548;0;0;2;400;0;0;0;0;1;1;400;0;7;6;0;0;13;387
;161300054;440;1;0;2;334;0;0;0;0;5;5;334;0;3;3;3;0;9;325
;161300056;701;2;0;2;487;0;0;2;0;0;0;487;34;0;0;0;0;34;453
;161300058;836;2;0;2;632;0;0;0;0;13;0;632;0;0;0;14;0;14;618
;161300060;659;0;0;2;436;0;0;0;0;0;0;436;0;0;17;0;0;17;419
;161300061;756;2;0;2;508;0;0;0;0;1;1;508;0;27;3;5;0;35;473
;161300062;833;0;0;2;530;0;0;9;0;0;0;530;0;12;8;11;0;31;499
;161300063;885;2;0;2;619;0;0;6;0;0;0;619;0;42;13;6;1;62;557
;161300064;567;0;0;2;386;0;0;2;0;6;0;386;4;0;2;3;0;9;377
;161300065;557;0;0;2;383;0;0;3;0;9;0;383;0;3;4;4;0;11;372
;161300067;531;0;0;2;382;6;0;0;0;4;0;382;0;0;6;0;0;6;376
;161700001;866;0;0;2;541;0;0;2;0;0;0;541;0;2;8;13;0;23;518
;161700002;973;0;0;2;624;0;0;0;0;9;0;624;0;0;4;4;0;8;616
;161700004;840;0;0;2;692;0;0;3;0;3;3;692;0;6;4;11;0;21;671
;161700005;588;0;0;2;508;0;0;0;0;15;15;508;0;1;3;6;0;10;498
;161700006;509;0;0;2;393;0;0;0;0;0;0;393;0;1;4;2;0;7;386
;161700007;830;0;0;2;593;0;0;2;0;0;0;593;13;0;0;0;0;13;580
;161700008;755;0;0;2;517;0;0;0;0;0;0;517;0;4;7;8;0;19;498
;161700009;924;0;0;2;623;0;0;0;0;0;0;623;30;0;0;0;0;30;593
;161700010;776;0;0;2;542;0;0;4;0;8;8;542;0;5;4;4;0;13;529
;161700011;793;1;0;2;509;0;0;0;0;0;0;509;0;4;12;15;0;31;478
;161700012;631;0;0;2;414;0;0;0;0;0;0;414;0;5;1;2;0;8;406
;161700013;818;0;0;2;517;0;0;5;0;0;0;517;0;1;9;3;0;13;504
;161700016;908;0;0;2;545;0;0;0;0;0;0;545;0;1;5;3;1;10;535
;161700017;729;0;0;2;429;0;0;0;0;0;0;429;0;0;0;0;4;4;425
;161700018;1116;0;0;2;717;0;0;0;0;0;0;717;0;0;2;10;0;12;705
;161700019;930;0;0;2;690;0;0;0;0;0;0;690;3;4;0;1;3;11;679
;161700023;898;0;0;2;637;0;0;2;0;0;0;637;0;1;4;6;0;11;626
;161700024;1094;0;0;2;756;0;0;0;0;0;0;756;15;0;0;0;0;15;741
;161700029;868;0;0;2;522;0;0;0;0;0;0;522;27;0;0;0;0;27;495
;161700030;1015;0;0;2;755;0;0;3;0;0;0;755;0;8;8;8;0;24;731
;161700031;595;0;0;2;500;0;0;2;0;2;2;500;12;1;5;5;0;23;477
;161700032;661;0;0;2;544;0;0;0;0;0;0;544;0;6;8;2;0;16;528
;161700033;601;0;0;2;480;0;0;2;0;11;11;480;0;4;6;4;0;14;466
;162300027;397;0;0;2;336;0;0;3;0;7;7;336;0;0;2;4;0;6;330
;162300028;627;0;0;2;500;0;0;0;0;0;0;500;0;7;4;4;0;15;485
;162300029;527;0;0;2;469;0;0;2;0;38;38;469;1;0;5;2;0;8;461
;162500020;614;0;0;2;481;21;0;3;0;8;0;481;0;10;11;0;0;21;460
;162500021;792;2;0;2;644;0;0;10;0;0;0;644;0;8;5;4;0;17;627
;162500022;350;0;2;2;210;0;0;0;2;2;2;210;0;2;1;1;0;4;206
;162500023;718;0;0;2;324;0;0;1;0;0;0;324;0;8;2;2;0;12;312
;162500024;762;0;0;2;449;0;0;3;0;0;4;449;0;9;0;0;0;9;440
;162500025;717;0;0;2;341;0;0;0;0;0;0;341;0;0;0;24;0;24;317
;162500026;774;0;0;2;410;0;0;4;0;1;0;410;0;15;2;12;0;29;381
;162500027;846;0;0;2;569;0;0;7;0;0;0;569;14;0;9;4;1;28;541
;162500028;652;0;0;2;483;0;0;1;0;0;0;483;9;0;10;0;0;19;464
;162600001;875;1;0;2;585;0;0;0;0;0;0;585;0;9;7;0;0;16;569
;162600002;544;1;0;2;337;0;0;4;0;5;5;337;6;1;0;0;0;7;330
;162600006;571;0;0;2;283;0;0;0;0;0;0;283;9;0;0;0;0;9;274
;162600007;613;0;0;2;314;0;0;0;0;0;0;314;0;9;6;0;0;15;299
;162600008;674;3;0;2;354;0;0;0;0;0;0;354;3;0;8;0;0;11;343
;162600009;540;0;0;2;274;17;0;14;0;0;0;274;1;6;4;3;0;14;260
;162600010;629;1;0;2;342;0;0;0;0;0;0;342;0;3;2;8;0;13;329
;162600011;768;0;0;2;573;0;0;0;0;3;0;573;0;1;12;1;0;14;559
;162600012;601;4;6;2;601;0;0;0;6;6;6;601;0;2;13;5;0;20;581
;162600013;510;1;0;2;352;0;0;0;0;0;0;352;5;0;2;0;0;7;345
;162600014;555;0;0;2;365;0;0;14;0;0;0;365;10;0;1;3;0;14;351
;162600017;697;0;0;2;352;0;0;2;0;4;0;352;0;0;6;6;0;12;340
;162600018;417;0;0;2;417;0;0;11;0;2;0;417;0;2;5;7;1;15;402
;162600019;769;1;0;2;464;0;0;1;0;8;0;464;13;0;0;6;0;19;445
;162600020;526;1;0;2;305;0;0;5;0;0;0;305;0;2;10;2;0;14;291
;162600022;1077;0;0;2;706;0;0;4;0;3;3;706;0;10;8;0;0;18;688
;162600023;854;3;0;2;551;0;0;0;0;1;0;551;0;0;10;7;0;17;534
;162600025;982;2;0;2;584;0;0;1;0;0;0;584;0;4;5;9;0;18;566
;162600026;537;0;0;2;347;0;0;0;0;0;0;347;3;0;2;1;0;6;341
;162600027;650;0;0;2;412;0;0;2;0;0;0;412;14;0;0;0;0;14;398
;162600028;910;0;0;2;526;40;0;0;0;0;0;526;40;0;0;0;0;40;486
;162600031;585;0;0;2;405;0;0;0;0;0;0;405;0;0;4;10;0;14;391
;162600032;683;0;0;2;478;0;0;1;0;1;0;478;0;11;6;9;0;26;452
;162600033;668;0;0;2;430;0;0;0;0;0;0;430;0;0;5;8;0;13;417
;162600034;555;0;5;2;453;0;0;0;5;5;5;453;0;1;2;10;0;13;440
;162600035;432;3;0;2;223;0;0;0;0;0;0;223;5;0;3;3;0;11;212
;162600036;457;0;0;2;274;0;0;0;0;0;0;274;5;0;0;0;0;5;269
;162600037;439;0;20;2;223;0;0;0;20;0;0;223;0;0;1;2;0;3;220
;162600038;607;1;0;2;275;0;0;0;0;1;0;275;0;0;15;0;0;15;260
;162600039;535;0;0;2;286;0;0;0;0;6;6;286;0;1;4;0;0;5;281
;162600040;621;0;0;2;313;0;0;2;0;4;0;313;0;1;5;1;0;7;306
;162600041;494;2;0;2;255;0;0;0;0;0;0;255;0;3;3;0;0;6;249
;162600042;899;0;0;2;544;0;0;0;0;2;0;544;15;0;12;2;0;29;515
;162600043;748;0;0;2;525;0;0;0;0;5;5;525;0;0;12;6;0;18;507
;162600044;923;2;0;2;501;0;0;0;0;0;0;501;0;5;9;13;0;27;474
;162800006;656;1;0;2;409;15;0;0;0;0;0;409;0;10;5;0;0;15;394
;162800007;581;0;0;2;387;0;0;0;0;3;0;387;0;0;11;0;0;11;376
;162800009;409;0;0;2;357;0;0;0;0;1;1;357;0;6;1;4;0;11;346
;162800014;389;0;0;2;322;0;0;0;0;0;0;322;0;0;6;0;0;6;316
;162800015;492;0;0;2;405;0;0;0;0;0;0;405;0;0;0;17;0;17;388
;162800016;835;0;0;2;587;0;0;2;0;4;4;587;0;15;7;8;0;30;557
;163300010;385;0;0;2;302;9;0;0;0;0;0;302;0;5;0;4;0;9;293
;163300011;637;0;0;2;533;0;0;0;0;0;0;533;0;7;10;0;1;18;515
;163300013;420;1;0;2;357;8;0;0;0;0;11;357;8;0;0;0;0;8;349
;163300014;344;0;0;2;275;5;0;0;0;0;0;275;0;1;4;0;0;5;270
;163300016;402;0;0;2;332;8;0;0;0;2;2;332;0;7;1;0;0;8;324
;163300017;564;0;0;2;465;0;0;0;0;0;0;465;0;5;6;7;0;18;447
;163700016;550;2;0;2;418;0;0;5;0;0;20;418;0;0;5;10;0;15;403
;163700017;533;0;0;2;410;0;0;5;0;35;35;410;0;7;0;3;0;10;400
;163700025;22;0;0;2;20;0;0;3;0;1;0;20;0;0;3;2;0;5;15
;164100015;617;0;2;2;330;0;0;0;2;0;2;330;0;10;0;0;0;10;320
;164100016;928;7;0;2;554;0;0;0;0;0;8;554;0;0;10;12;0;22;532
;164100017;721;0;0;2;479;0;0;0;0;6;6;479;0;5;3;4;0;12;467
;164100023;1012;0;0;2;787;0;0;0;0;0;0;787;0;0;10;28;4;42;745
;164300011;910;0;0;2;582;0;0;5;0;3;3;582;0;5;4;2;0;11;571
;171100001;814;0;3;2;498;0;0;0;3;3;0;498;6;0;7;4;0;17;481
;171100002;715;0;0;2;498;0;0;1;0;11;11;498;0;5;1;3;1;10;488
;171100003;864;0;0;2;567;29;0;0;0;10;10;567;0;19;2;8;0;29;538
;171400003;897;0;0;2;637;0;0;3;0;0;0;637;13;0;4;7;0;24;613
;171400036;240;6;0;2;203;0;0;0;0;0;0;203;0;2;1;3;0;6;197
;171600009;395;0;0;2;279;0;0;0;0;0;0;279;0;0;0;8;0;8;271
;171700005;430;0;0;2;324;0;0;0;0;0;8;324;0;0;5;0;0;5;319
;171700018;301;0;0;2;215;0;0;1;0;3;3;215;0;1;6;1;0;8;207
П(81619);171700020;3;2;3;0;0;0;0;0;3;0;0;0;0;0;0;3
;172600003;828;0;0;2;482;0;0;0;0;0;0;482;7;0;0;0;0;7;475
;172600004;787;0;0;2;500;0;0;0;0;0;0;500;13;0;0;0;0;13;487
;172600011;929;0;0;2;602;0;0;3;0;4;4;602;0;2;4;6;0;12;590
;172600013;699;0;3;2;409;0;0;0;3;3;3;409;0;10;9;0;0;19;390
;172600018;253;0;0;2;208;0;0;2;0;4;4;208;0;0;2;0;0;2;206
;172600019;769;0;0;2;411;10;0;1;0;0;0;411;0;0;10;0;0;10;401
;172600020;677;0;1;2;283;0;0;1;1;1;1;283;0;4;4;5;0;13;270
;172600021;628;0;0;2;336;0;0;0;0;2;2;336;0;6;7;8;0;21;315
;172600027;642;0;0;2;484;0;0;0;0;0;0;484;0;33;0;0;0;33;451
;172600028;618;0;0;2;420;0;0;1;0;3;3;420;0;3;9;7;0;19;401
;172600029;745;0;0;2;532;0;0;0;0;0;0;532;0;9;13;8;0;30;502
;172900006;298;0;0;2;217;0;0;2;0;7;7;217;0;3;0;3;0;6;211
;172900014;421;0;0;2;297;0;0;0;0;3;0;297;0;0;11;0;0;11;286
;173600001;701;1;0;2;455;0;0;0;0;0;0;455;0;0;2;6;0;8;447
;173600002;519;0;0;2;337;0;0;2;0;0;0;337;0;8;3;0;0;11;326
;173600003;524;0;0;2;333;0;0;0;0;0;0;333;2;3;0;4;0;9;324
;180300006;754;0;0;2;432;0;0;0;0;2;2;432;0;5;12;7;1;25;407
;180300007;546;0;0;2;335;0;0;0;0;3;0;335;0;7;10;8;0;25;310
;180300011;599;0;0;2;512;0;0;0;0;0;0;512;0;6;10;7;0;23;489
;180400019;316;0;0;2;264;0;0;0;0;3;0;264;2;3;0;0;0;5;259
;180400020;561;0;0;2;439;0;0;2;0;0;0;439;1;0;4;2;0;7;432
;180400024;538;0;0;2;393;0;0;27;0;0;0;393;0;0;2;25;0;27;366
;180500015;277;0;0;2;172;0;0;1;0;0;0;172;0;0;1;6;0;7;165
;180500016;582;0;0;2;318;0;0;0;0;3;0;318;0;10;3;15;0;28;290
;180500017;415;0;0;2;271;0;0;2;0;2;2;271;0;8;2;0;1;11;260
;180800006;585;0;0;3;444;0;0;0;0;1;0;444;0;6;5;4;0;15;429
;180800011;753;0;0;2;530;0;0;0;0;2;2;530;10;0;0;8;0;18;512
;180800012;818;0;0;2;606;0;0;9;0;0;0;606;0;7;29;13;0;49;557
;180800013;426;0;0;2;308;0;0;0;0;1;1;308;0;5;3;3;0;11;297
;180800014;949;0;0;2;524;0;0;14;0;0;0;524;12;2;11;7;0;32;492
П(36703);180800017;12;2;12;0;0;1;5;5;12;0;0;0;0;0;0;12
;181300006;813;1;0;2;539;0;0;0;0;1;0;539;0;4;4;3;0;11;528
;181300007;692;0;0;2;421;0;0;1;0;0;0;421;0;8;5;8;0;21;400
;181300008;634;0;0;2;438;0;0;2;0;1;0;438;0;5;8;4;3;20;418
;181300009;733;0;0;2;444;0;0;2;0;4;0;444;2;1;4;3;1;11;433
;181300010;571;0;6;2;414;1;0;4;6;8;8;414;0;13;4;12;0;29;385
;181300011;555;0;0;2;366;0;0;2;0;1;0;366;0;2;5;4;0;11;355
;181300012;823;0;0;2;588;0;0;0;0;0;0;588;0;4;8;7;0;19;569
;181300013;786;0;0;2;347;0;0;0;0;6;6;347;0;10;8;0;0;18;329
;181300014;645;1;0;2;426;1;0;0;0;1;1;426;0;13;11;6;0;30;396
;182700179;467;0;0;2;312;0;0;0;0;0;0;312;0;0;4;0;0;4;308
;182700180;657;0;0;2;445;0;0;3;0;1;1;445;0;3;8;2;2;15;430
;182700182;841;0;0;2;439;0;0;0;0;0;0;439;0;1;4;0;0;5;434
;182700183;785;0;0;2;445;0;0;0;0;0;0;445;0;0;0;7;0;7;438
;182700184;609;0;0;2;325;0;0;0;0;0;0;325;0;5;0;3;0;8;317
;182700185;861;0;0;2;412;7;0;0;0;0;0;412;0;5;3;0;0;8;404
;182700192;523;2;0;2;357;0;0;0;0;0;0;357;0;2;4;12;0;18;339
;183300005;710;0;0;2;530;0;0;6;0;7;7;530;0;5;5;7;0;17;513
;183300009;634;0;0;2;375;0;0;0;0;2;2;375;0;6;17;15;0;38;337
;183300010;820;0;0;2;454;0;0;0;0;3;0;454;0;2;11;5;1;19;435
;183700003;452;0;0;2;317;0;0;3;0;5;4;317;0;11;6;0;0;17;300
;183700004;707;0;0;2;542;0;0;0;0;11;0;542;0;0;5;13;0;18;524
;183700009;852;0;0;2;604;1;0;3;0;1;1;604;0;7;5;14;0;26;578
;190700306;491;0;0;2;338;0;0;0;0;23;0;338;0;4;10;1;0;15;323
;190700309;367;0;0;2;258;0;0;1;0;0;0;258;0;6;5;6;0;17;241
;190700310;450;0;0;2;286;0;0;2;0;0;0;286;3;0;5;4;0;12;274
;190700314;326;0;0;2;246;0;0;0;0;5;0;246;1;2;0;4;0;7;239
;190700320;358;1;6;2;280;0;0;0;6;6;6;280;6;0;0;0;0;6;274
;190700322;346;0;0;2;298;0;0;0;0;2;2;298;0;2;2;3;1;8;290
;190700323;829;0;0;2;483;0;0;4;0;2;2;483;14;0;6;9;0;29;454
;190700324;612;0;0;2;415;0;0;3;0;5;5;415;0;9;9;2;0;20;395
;191000419;574;4;0;3;419;17;0;0;0;0;0;419;0;0;17;0;0;17;402
;191000422;306;0;0;2;209;0;0;1;0;0;0;209;0;3;3;5;0;11;198
;191000425;707;1;0;2;498;0;0;4;0;4;4;498;0;29;14;14;0;57;441
;191000438;755;0;0;2;475;0;0;3;0;2;2;475;0;8;5;2;0;15;460
;191000439;627;1;0;2;412;0;0;0;0;5;5;412;0;4;20;4;0;28;384
;191500502;902;0;0;2;633;0;0;4;0;8;8;633;0;3;7;13;1;24;609
;191500504;89;0;0;2;61;0;0;0;0;0;0;61;0;0;2;0;0;2;59
;193100158;528;0;0;2;248;0;0;3;0;0;0;248;0;1;1;2;0;4;244
;193100159;538;0;0;2;284;0;0;1;0;0;0;284;0;2;3;3;0;8;276
;193100160;675;0;0;2;308;0;0;1;0;0;0;308;0;0;1;3;0;4;304
;193100161;565;0;0;2;208;0;0;0;0;0;0;208;1;0;6;0;0;7;201
;193100162;535;0;0;2;186;0;0;0;0;0;0;186;0;0;0;6;0;6;180
;193100163;703;0;0;2;304;0;0;1;0;1;1;304;0;4;2;3;0;9;295
;193100164;819;2;0;2;428;0;0;2;0;3;0;428;1;1;8;0;2;12;416
;193100165;590;0;0;2;332;0;0;0;0;2;2;332;0;2;4;4;0;10;322
;193100166;504;0;1;2;284;0;0;1;1;1;1;284;0;1;3;4;0;8;276
;193100167;486;0;0;2;229;0;0;2;0;1;0;229;0;0;0;6;0;6;223
;193100168;122;0;0;2;83;0;0;2;0;29;29;83;0;1;5;1;0;7;76
;193100171;430;0;0;2;297;1;1;0;0;1;0;297;0;15;2;0;0;19;280
;193100172;463;0;0;2;325;0;0;1;0;2;2;325;0;0;5;7;0;12;313
;193100177;705;0;0;2;428;0;0;3;0;3;0;428;12;0;0;0;0;12;416
;193100178;728;0;0;2;430;0;0;1;0;0;0;430;0;4;1;0;0;5;425
;193100179;487;0;0;2;275;0;0;0;0;1;1;275;2;0;0;2;0;4;271
;193100180;654;0;0;2;410;0;0;3;0;0;0;410;0;3;4;1;0;8;402
;193100181;751;0;0;2;225;0;0;3;0;0;0;225;8;0;1;10;0;19;206
;193100182;549;0;2;2;272;0;0;0;2;2;2;272;0;4;0;5;0;9;263
;193100186;515;0;0;2;391;0;0;0;0;1;0;391;0;2;4;5;0;11;380
;193100187;498;0;0;2;389;0;0;2;0;3;3;389;11;1;14;5;0;31;358
П(58699);193100193;18;2;18;0;0;0;6;6;18;0;0;0;0;0;0;18
;193200604;418;0;0;2;356;0;0;0;0;9;9;356;0;8;4;1;0;13;343
;193400717;401;0;0;2;287;0;0;4;0;0;0;287;0;6;1;0;0;7;280
;193400718;527;0;0;2;357;0;0;4;0;0;0;357;0;8;5;2;0;15;342
;193400719;494;0;0;2;350;0;0;1;0;1;1;350;0;7;7;3;0;17;333
;201100009;527;0;0;2;378;0;0;0;0;0;0;378;0;18;8;6;0;32;346
;201100022;449;0;0;2;334;0;0;5;0;4;0;334;0;4;6;4;0;14;320
;201100025;376;3;0;2;300;0;0;7;0;4;0;300;0;0;9;16;0;25;275
;201100028;551;0;0;2;377;18;0;9;0;1;0;377;0;4;7;7;0;18;359
;201100029;746;2;0;2;438;0;0;2;0;0;1;438;0;23;6;2;1;32;406
;201100030;622;0;0;2;371;0;0;6;0;0;0;371;0;13;6;9;0;28;343
;201100031;560;0;0;2;350;0;0;1;0;0;0;350;26;0;0;0;0;26;324
;201100032;726;0;0;2;478;0;0;2;0;0;0;478;0;3;3;16;0;22;456
;201600030;714;0;0;2;441;1;0;2;0;2;0;441;0;0;0;12;0;12;429
;201600031;789;1;0;2;524;0;0;6;0;6;0;524;0;5;5;0;0;10;514
;201600032;591;0;0;2;493;4;0;5;0;22;22;493;4;4;16;1;0;25;468
;201600038;741;1;0;2;568;0;0;0;0;5;5;568;0;0;3;5;2;10;558
;201600040;351;0;0;2;315;10;0;0;0;0;0;315;0;0;10;0;0;10;305
;201600044;413;0;0;2;287;0;0;1;0;0;0;287;0;1;2;5;0;8;279
;201600046;386;0;0;2;319;0;0;0;0;22;22;319;0;3;5;3;0;11;308
;201600049;432;0;0;2;309;0;0;4;0;0;0;309;2;1;6;4;0;13;296
;201600052;676;0;0;2;552;8;0;4;0;14;0;552;0;0;8;0;0;8;544
;201600054;341;0;0;2;341;8;0;2;0;0;0;341;8;0;0;0;0;8;333
;201600055;397;0;6;2;279;5;0;0;6;6;6;279;0;3;1;1;0;5;274
;201600056;524;0;0;2;456;1;0;5;0;15;15;456;0;0;0;6;0;6;450
;201600057;557;0;0;2;422;0;0;2;0;6;6;422;0;3;5;3;0;11;411
;201600058;348;0;0;2;242;0;0;0;0;0;0;242;3;0;0;0;0;3;239
;201600061;264;0;0;2;264;0;0;4;0;10;10;264;0;2;5;0;0;7;257
;202000127;596;0;0;2;390;17;0;0;0;0;0;390;0;6;6;5;0;17;373
;202000128;699;0;0;2;495;0;0;0;0;2;2;495;0;12;33;7;0;52;443
;202000131;446;0;0;2;292;0;0;3;0;0;0;292;1;0;3;3;0;7;285
;202000137;836;0;0;2;625;0;0;0;0;0;0;625;10;0;0;6;0;16;609
;202000146;663;3;0;2;584;34;0;0;0;0;0;584;34;0;0;0;0;34;550
;202000147;483;0;0;2;384;0;0;0;0;3;0;384;0;13;6;6;0;25;359
;202000156;532;0;0;2;416;0;0;0;0;0;1;416;13;0;6;0;0;19;397
;202000159;336;0;0;2;263;0;0;4;0;7;7;263;0;0;4;4;0;8;255
;202000160;584;1;0;2;401;0;0;7;0;3;3;401;0;6;3;12;0;21;380
;202000161;469;0;0;2;318;0;0;2;0;1;0;318;2;2;1;0;0;5;313
;202000162;505;0;0;2;336;0;0;4;0;1;1;336;0;5;2;6;0;13;323
;202000163;434;0;0;2;361;0;0;5;0;5;5;361;0;0;3;10;0;13;348
;202000165;964;0;0;2;599;0;0;5;0;0;0;599;0;13;4;22;0;39;560
;202000166;648;0;0;2;454;0;0;3;0;13;13;454;7;1;7;4;0;19;435
;202000167;586;0;0;2;446;0;0;3;0;8;7;446;0;0;0;9;0;9;437
;202000168;824;0;1;2;533;0;0;2;1;1;1;533;0;0;5;44;0;49;484
;202000169;747;1;0;2;451;0;0;0;0;0;0;451;0;20;0;9;0;29;422
;202000170;943;0;0;2;656;0;0;0;0;0;0;656;0;8;9;12;0;29;627
;202000171;561;0;0;2;369;0;0;2;0;0;0;369;0;0;3;10;0;13;356
;202000172;632;0;0;2;440;0;0;0;0;0;0;440;0;4;16;0;0;20;420
;202000173;722;4;0;2;492;0;0;0;0;6;0;492;0;4;6;7;0;17;475
;202000174;815;0;0;2;598;0;0;3;0;0;0;598;13;0;30;0;0;43;555
;202000175;661;0;0;2;433;0;0;0;0;0;0;433;0;15;19;18;1;53;380
;202000176;562;0;0;2;349;0;0;3;0;0;0;349;0;4;8;4;0;16;333
;202000179;646;0;0;2;464;0;0;0;0;2;0;464;0;0;6;14;0;20;444
;202000180;506;0;14;2;445;0;0;0;14;14;14;445;2;5;8;10;0;25;420
;202000181;340;0;0;2;275;17;0;1;0;0;0;275;0;0;0;17;0;17;258
;202400007;481;0;0;2;357;0;0;0;0;2;2;357;0;3;16;0;0;19;338
;202400008;705;0;0;2;428;0;0;5;0;0;0;428;0;4;3;2;0;9;419
;202400009;722;0;0;2;377;0;0;0;0;0;0;377;0;27;4;7;0;38;339
;202400010;884;0;0;2;535;0;0;2;0;0;0;535;1;15;5;0;0;21;514
;202400011;1175;0;0;2;611;0;0;0;0;0;0;611;0;35;7;15;0;57;554
;202400012;895;0;0;2;518;0;0;0;0;0;0;518;0;5;4;14;0;23;495
;202400017;324;0;0;2;242;0;1;0;0;0;0;242;0;2;2;0;0;4;238
;202400018;896;0;0;2;696;0;0;2;0;0;0;696;0;16;7;8;1;32;664
;210200003;648;0;0;2;476;0;0;3;0;0;0;476;0;0;4;6;0;10;466
;210200015;417;0;0;2;282;0;0;0;0;0;0;282;0;4;1;4;0;9;273
;210500006;351;0;0;2;298;0;0;2;0;0;0;298;0;0;4;4;0;8;290
;210900010;418;1;0;2;328;0;0;4;0;12;12;328;0;1;3;3;0;7;321
;210900011;486;0;0;2;329;0;0;2;0;0;2;329;0;4;3;2;0;9;320
;210900013;844;0;0;2;599;0;0;2;0;0;0;599;0;7;8;9;0;24;575
;210900014;664;0;0;2;502;0;0;0;0;7;7;502;10;2;1;2;0;15;487
;211000004;678;1;0;2;500;0;0;1;0;0;0;500;0;7;7;5;0;19;481
;211000005;764;1;0;2;584;0;0;0;0;0;0;584;0;0;9;12;0;21;563
;211000006;780;1;0;2;577;0;0;0;0;3;0;577;0;13;5;3;1;22;555
;211000007;556;0;3;2;460;0;0;2;3;0;3;460;0;0;6;0;0;6;454
;211000008;620;79;0;2;568;2;0;2;0;0;0;568;0;2;3;0;0;5;563
;211000009;300;0;0;2;237;0;0;0;0;0;0;237;0;4;1;0;0;5;232
;211000010;747;0;0;2;587;0;0;4;0;37;0;587;5;0;0;0;0;5;582
;211000011;639;2;1;2;511;8;0;1;1;5;0;511;0;0;0;8;0;8;503
;211000012;840;0;0;2;626;0;0;3;0;0;0;626;0;2;7;10;0;19;607
;211100011;527;1;0;2;359;0;0;2;0;0;0;359;6;5;0;6;0;17;342
;211100012;397;0;0;2;243;0;0;1;0;0;0;243;0;2;3;9;0;14;229
;211100014;985;0;0;2;707;0;1;0;0;4;4;707;0;11;9;0;0;20;687
;211100015;92;0;0;2;92;0;0;0;0;0;0;92;2;1;0;0;0;3;89
;211600019;816;1;0;2;630;0;0;6;0;9;9;630;0;0;11;10;0;21;609
;211600024;373;1;0;2;271;0;0;3;0;1;0;271;0;7;2;8;1;18;253
;211600027;441;0;0;2;289;0;0;0;0;0;0;289;0;1;15;5;0;21;268
;211600028;519;0;0;2;331;0;0;2;0;0;0;331;0;0;7;2;0;9;322
;211800016;464;0;0;2;376;0;0;2;0;0;0;376;0;2;10;6;0;18;358
;212700008;311;0;0;2;269;8;0;2;0;5;0;269;0;4;3;1;0;8;261
;212700011;979;0;0;2;735;0;0;5;0;7;7;735;0;1;11;14;0;26;709
;212700012;904;0;0;2;678;0;0;7;0;2;0;678;0;5;8;11;0;24;654
;212700013;637;0;0;2;528;0;0;4;0;14;14;528;8;0;15;6;0;29;499
;212700017;226;0;0;2;191;0;0;0;0;10;10;191;0;0;0;4;0;4;187
;212700018;181;0;0;2;157;0;0;0;0;0;0;157;0;0;4;2;0;6;151
;212700022;281;0;0;2;239;0;0;1;0;0;0;239;0;5;0;1;0;6;233
;212700023;363;0;0;2;285;0;0;1;0;0;0;285;0;2;5;3;0;10;275
;212700024;170;0;0;2;143;0;0;0;0;0;0;143;0;0;5;0;0;5;138
;213100044;347;0;0;2;270;0;0;1;0;0;0;270;0;1;4;3;0;8;262
;213100045;430;0;0;2;348;0;0;0;0;0;0;348;0;9;4;0;0;13;335
;213100065;747;0;2;2;488;0;0;0;2;2;2;488;0;7;4;0;0;11;477
;213100066;817;0;0;2;531;0;0;2;0;0;0;531;0;5;7;8;0;20;511
;213100074;380;0;0;2;317;0;0;1;0;21;0;317;0;1;1;3;0;5;312
;213800009;443;0;0;2;323;0;0;0;0;1;0;323;0;0;9;0;0;9;314
;224614074;576;0;0;2;338;0;0;0;0;0;0;338;0;0;4;1;0;5;333
;224614075;848;0;0;2;508;0;0;0;0;0;0;508;0;4;15;5;0;24;484
;224620049;751;3;0;2;441;0;0;1;0;2;2;441;0;1;1;6;0;8;433
;224620050;902;0;0;2;543;0;0;0;0;2;2;543;6;0;0;5;0;11;532
;224620051;668;0;3;2;376;0;0;2;3;0;0;376;0;0;0;8;0;8;368
;224621006;623;1;0;2;342;0;0;0;0;0;0;342;13;0;0;0;0;13;329
;224621007;562;0;0;2;326;0;0;0;0;0;0;326;0;0;2;3;0;5;321
;224621024;1002;0;0;2;793;0;0;1;0;19;0;793;0;9;6;4;0;19;774
;224621025;554;0;0;2;447;0;0;4;0;4;0;447;0;1;4;3;0;8;439
;224621026;660;0;0;2;391;0;0;0;0;0;0;391;4;0;9;0;0;13;378
;224621027;598;0;0;2;313;0;0;1;0;0;0;313;0;0;4;3;0;7;306
;224621028;661;0;0;2;308;0;0;1;0;0;0;308;0;0;4;2;0;6;302
;224621032;458;0;0;2;275;0;0;0;0;0;0;275;0;0;3;0;0;3;272
;224621033;654;0;0;2;390;0;0;1;0;0;0;390;0;5;3;0;0;8;382
;224621034;477;0;0;2;279;0;0;1;0;1;0;279;0;3;2;2;0;7;272
;224621035;475;0;0;2;287;1;0;0;0;0;0;287;6;0;0;0;0;6;281
;224621036;561;0;0;2;322;11;0;0;0;2;2;322;11;0;0;0;0;11;311
;224621037;588;0;3;2;359;0;0;0;3;3;0;359;0;2;3;2;0;7;352
;224622019;667;0;0;2;300;0;0;2;0;3;3;300;0;3;4;4;0;11;289
;224622020;631;0;0;2;295;0;0;0;0;0;0;295;0;0;3;13;0;16;279
;224622021;455;0;0;2;218;0;0;2;0;0;0;218;0;0;1;2;0;3;215
;224622022;590;0;0;2;270;0;0;1;0;2;0;270;0;3;1;1;0;5;265
;224622023;882;1;0;2;532;0;0;9;0;0;0;532;0;9;3;6;0;18;514
;224622027;489;5;0;2;309;0;0;3;0;0;0;309;0;0;1;3;0;4;305
;224622028;546;1;0;2;352;10;0;0;0;0;0;352;10;0;0;0;0;10;342
;224623001;655;0;0;2;369;0;0;0;0;0;0;369;0;8;5;0;0;13;356
;224623002;496;4;0;2;317;0;0;0;0;0;0;317;0;5;2;5;0;12;305
;224623021;844;0;0;2;583;0;0;4;0;0;0;583;6;0;2;4;0;12;571
;224623022;618;0;0;2;394;0;0;0;0;0;0;394;0;2;8;6;0;16;378
;224623023;525;0;0;2;329;0;0;0;0;0;0;329;0;8;3;3;0;14;315
;224623024;518;0;0;2;318;13;0;4;0;1;0;318;0;10;1;2;0;13;305
;230600007;536;0;0;2;453;0;0;3;0;8;0;453;0;3;6;3;0;12;441
;230700025;768;0;0;2;551;0;0;0;0;1;0;551;0;3;7;2;0;12;539
;230700026;730;0;0;2;537;0;0;1;0;0;0;537;0;2;2;2;0;6;531
;230700027;487;0;0;2;358;0;0;0;0;0;0;358;3;0;2;0;0;5;353
;230700028;758;0;0;2;514;9;0;0;0;0;0;514;0;3;3;3;0;9;505
;230700036;743;0;0;2;503;7;0;0;0;4;0;503;0;0;3;4;0;7;496
;230700037;680;1;0;2;464;0;0;0;0;3;0;464;0;0;0;3;0;3;461
;230700041;635;0;0;2;324;0;0;0;0;4;4;324;0;3;4;6;0;13;311
;230700042;832;0;0;2;496;0;0;0;0;1;0;496;0;2;10;1;1;14;482
;230700043;869;1;0;2;505;0;0;0;0;0;0;505;12;3;0;0;0;15;490
;230700044;530;0;0;2;335;0;0;0;0;2;0;335;0;0;3;4;0;7;328
;231000003;468;0;0;2;404;0;0;4;0;23;23;404;3;2;4;0;0;9;395
;231000013;452;0;0;2;398;0;0;0;0;13;0;398;0;0;0;6;0;6;392
;231600017;495;0;0;2;404;0;0;3;0;0;0;404;0;5;4;8;0;17;387
;231700013;973;0;0;2;630;19;0;2;0;0;0;630;16;1;0;2;0;19;611
;231700014;887;0;0;2;533;16;0;0;0;0;0;533;0;0;16;0;0;16;517
;231700015;404;0;0;2;404;0;0;3;0;2;0;404;0;7;3;5;1;16;388
;231700016;401;0;0;2;271;0;0;4;0;1;0;271;2;5;5;4;0;16;255
;231700017;316;0;0;2;316;0;0;0;0;0;0;316;0;2;2;3;0;7;309
;231700018;622;0;0;2;345;0;0;0;0;0;0;345;0;9;2;0;0;11;334
;231700019;883;0;0;2;604;0;0;6;0;0;0;604;6;0;3;4;0;13;591
;231700021;547;9;0;2;397;0;0;2;0;2;0;397;0;0;5;3;1;9;388
;231700025;606;5;0;2;373;0;0;0;0;0;0;373;0;3;0;0;0;3;370
;231700026;750;0;0;2;440;0;0;2;0;0;0;440;0;12;6;8;0;26;414
;231700027;646;0;0;2;422;0;0;1;0;0;0;422;0;3;8;5;0;16;406
П(14074);231700033;13;2;9;3;0;0;2;0;9;0;2;0;1;0;3;6
;231800019;406;0;0;2;353;0;0;4;0;5;5;353;0;8;4;9;0;21;332
;232000014;471;0;0;2;366;0;0;4;0;0;0;366;0;3;3;0;0;6;360
;232000024;520;0;0;2;310;0;0;2;0;0;0;310;0;0;7;7;0;14;296
;232000025;338;0;0;2;216;1;0;1;0;0;0;216;0;1;4;2;0;7;209
;232000026;733;0;0;2;439;0;0;2;0;0;0;439;0;9;5;3;0;17;422
;232500012;647;0;0;2;376;0;0;0;0;0;1;376;0;1;7;0;0;8;368
;232500013;842;0;0;2;498;0;0;2;0;0;0;498;0;1;2;1;0;4;494
;232500014;590;0;0;2;367;10;0;3;0;1;0;367;0;2;4;4;0;10;357
;232500015;645;1;0;2;366;0;0;0;0;0;1;366;0;6;8;7;0;21;345
;232500016;706;0;0;2;396;0;0;0;0;0;0;396;0;3;7;5;0;15;381
;232500017;632;0;0;2;348;0;0;0;0;3;0;348;0;1;4;3;0;8;340
;232500018;631;0;0;2;366;0;0;1;0;1;1;366;0;1;4;3;0;8;358
П(50245);232500024;7;2;6;0;0;0;0;0;6;0;0;0;0;0;0;6
;232600013;832;0;0;2;588;0;0;7;0;7;0;588;0;5;12;2;0;19;569
;232600014;377;0;0;2;293;0;0;4;0;1;1;293;0;1;3;1;0;5;288
;233400011;740;0;0;2;577;0;0;0;0;4;4;577;0;10;5;0;0;15;562
;233900036;556;0;0;2;375;0;0;14;0;0;0;375;0;8;6;0;0;14;361
;233900042;886;0;0;2;579;1;0;1;0;0;0;579;12;6;0;6;0;24;555
;233900045;339;0;0;2;249;13;0;0;0;0;0;249;0;0;13;0;0;13;236
;233900048;398;0;0;2;332;0;0;2;0;0;0;332;0;6;4;4;0;14;318
;233900051;288;0;0;2;200;0;0;0;0;0;0;200;9;0;0;0;0;9;191
;233900052;362;0;0;2;219;0;0;1;0;0;0;219;0;3;4;2;0;9;210
;233900053;451;0;0;2;330;0;0;3;0;0;0;330;0;4;3;6;0;13;317
;233900054;527;0;0;2;388;0;0;0;0;4;4;388;8;0;0;1;0;9;379
;233900055;645;0;0;2;477;0;0;2;0;0;0;477;0;0;7;6;0;13;464
;233900056;525;0;0;2;379;0;0;1;0;1;0;379;0;4;11;10;0;25;354
;233900058;424;0;0;2;328;0;0;0;0;0;0;328;0;2;9;4;0;15;313
;234300013;584;0;0;2;369;0;0;1;0;0;0;369;0;3;12;2;0;17;352
;234300014;496;0;0;2;276;0;0;0;0;0;0;276;0;2;7;2;0;11;265
;234300016;922;0;0;2;613;0;0;0;0;0;0;613;0;4;5;8;0;17;596
;234300017;525;1;0;2;343;0;0;0;0;0;0;343;0;0;6;12;0;18;325
;234300018;619;0;0;2;437;0;0;0;0;1;0;437;0;9;0;10;0;19;418
;234300027;856;1;0;2;569;0;0;2;0;0;0;569;0;4;6;2;0;12;557
;234300028;859;1;0;2;517;0;0;0;0;0;0;517;0;0;19;0;0;19;498
;234300037;800;0;0;2;510;0;0;0;0;2;0;510;0;2;10;6;0;18;492
;234300039;851;0;0;2;542;0;0;3;0;0;0;542;6;0;6;0;0;12;530
;234300040;738;0;0;2;550;0;0;2;0;20;20;550;0;0;5;16;0;21;529
;234300041;707;0;0;2;432;0;0;5;0;0;0;432;0;0;2;1;0;3;429
;234300042;677;1;0;2;428;5;0;0;0;0;0;428;0;0;0;5;0;5;423
;240400007;692;0;0;2;580;2;0;13;0;6;6;580;0;0;0;13;0;13;567
;240400010;541;0;0;2;414;0;0;1;0;0;1;414;7;0;0;10;0;17;397
;240400012;571;0;0;2;418;0;0;0;0;0;0;418;19;0;0;0;0;19;399
;240400025;583;0;0;2;419;25;0;0;0;0;0;419;0;10;5;10;0;25;394
П(17717);240400026;2;2;2;0;0;0;2;2;2;0;0;0;0;0;0;2
;240700018;728;0;0;2;554;0;0;0;0;3;0;554;0;11;1;5;0;17;537
;240700019;449;0;0;2;315;0;0;0;0;0;0;315;0;10;2;0;0;12;303
;240700020;445;0;0;2;331;0;0;3;0;0;0;331;0;7;4;1;0;12;319
;241200062;530;0;0;2;414;0;0;6;0;8;8;414;0;0;5;8;0;13;401
;241200069;831;0;0;2;457;0;0;0;0;3;3;457;0;0;4;5;0;9;448
;241200070;1112;0;0;2;624;0;0;0;0;5;0;624;0;0;8;4;0;12;612
;241200071;916;0;0;2;538;0;0;2;0;0;0;538;0;0;4;9;0;13;525
;241200072;964;0;0;2;584;0;0;4;0;0;0;584;0;3;3;2;0;8;576
;241200073;1035;0;0;2;595;0;0;3;0;0;0;595;0;7;11;0;1;19;576
;241200076;807;0;0;2;568;0;0;4;0;0;0;568;0;3;5;5;0;13;555
;241200079;851;0;0;2;497;0;0;2;0;0;0;497;0;0;7;10;0;17;480
;241200081;1022;0;0;2;671;0;0;1;0;0;0;671;0;6;9;7;0;22;649
;241200085;1104;1;0;2;636;0;0;4;0;0;0;636;0;6;7;10;1;24;612
П(40292);241200088;2;2;2;0;0;0;0;0;2;0;0;0;0;0;0;2
;242200009;572;1;0;2;316;0;0;1;0;10;0;316;0;4;6;0;0;10;306
;242200010;937;0;0;2;632;0;0;2;0;0;0;632;0;14;9;14;0;37;595
;242200014;571;2;0;2;354;0;0;0;0;0;0;354;0;0;13;10;0;23;331
;242200015;403;0;0;2;252;0;0;2;0;0;0;252;0;6;6;11;0;23;229
;242200016;603;0;0;2;448;0;0;5;0;0;0;448;0;0;22;17;0;39;409
;242400009;1220;1;0;2;823;0;0;7;0;0;0;823;11;17;0;0;0;28;795
;242400011;426;0;0;2;306;0;0;0;0;0;0;306;14;0;0;0;0;14;292
;242400013;631;0;0;2;396;22;0;0;0;0;2;396;0;0;0;22;0;22;374
;242400014;686;2;4;2;424;38;0;0;4;4;4;424;38;0;0;0;0;38;386
;242400017;1094;0;0;2;819;0;0;0;0;0;0;819;0;0;32;0;0;32;787
;242700015;709;4;0;2;507;0;0;4;0;2;2;507;0;11;8;11;0;30;477
;242700016;483;0;0;2;341;0;0;1;0;0;0;341;0;1;1;1;0;3;338
;242700023;589;11;0;2;429;0;0;3;0;0;0;429;0;4;4;8;1;17;412
;242700024;418;0;0;2;306;0;0;0;0;0;0;306;0;9;6;3;0;18;288
;242700033;362;0;0;2;245;0;0;3;0;0;0;245;0;5;8;6;0;19;226
;242700036;367;1;0;2;323;0;0;2;0;3;0;323;0;5;3;7;0;15;308
;243100150;584;1;0;2;459;0;0;3;0;1;0;459;0;26;2;0;0;28;431
;243100153;859;1;0;2;623;0;0;0;0;5;0;623;0;9;9;12;0;30;593
;243100158;1121;6;0;2;632;0;0;12;0;0;0;632;0;0;10;5;0;15;617
;243100164;497;0;0;2;406;0;0;6;0;6;0;406;0;0;5;2;0;7;399
;243100175;540;1;0;2;388;12;0;0;0;0;0;388;12;0;0;0;0;12;376
;243100178;579;5;0;2;399;0;0;1;0;8;8;399;0;2;3;2;0;7;392
;243100179;553;4;0;2;379;0;0;1;0;0;0;379;0;11;2;0;0;13;366
;243100181;409;0;0;2;320;0;0;3;0;0;0;320;0;0;6;4;0;10;310
;243100183;899;2;0;2;614;85;0;0;0;0;0;614;0;0;60;25;0;85;529
;243100195;770;0;0;2;614;0;0;0;0;3;0;614;0;8;10;5;0;23;591
;243100197;600;0;0;2;430;0;0;14;0;0;0;430;0;14;0;0;0;14;416
;243100201;632;2;0;2;367;0;0;5;0;0;0;367;8;0;3;4;0;15;352
;243600020;580;1;0;2;394;0;0;5;0;7;7;394;0;3;7;3;0;13;381
;243600021;573;0;0;2;392;0;0;4;0;0;0;392;0;0;3;7;0;10;382
;243600025;784;0;0;2;517;0;0;23;0;0;0;517;0;0;0;23;0;23;494
;243600035;425;0;0;2;342;0;0;1;0;0;0;342;0;5;3;0;2;10;332
П(30819);243600040;7;2;7;0;0;0;0;0;7;0;0;0;0;0;0;7
П(65810);243600040;2;2;2;0;0;0;1;0;2;0;0;0;0;0;0;2
;243700004;606;0;0;2;318;0;0;0;0;0;0;318;0;7;3;4;0;14;304
;243700005;765;0;0;2;322;0;0;3;0;1;1;322;0;10;4;6;0;20;302
;243800005;628;0;0;2;441;0;0;4;0;2;0;441;0;4;6;4;0;14;427
;243800006;368;0;0;2;256;0;0;1;0;1;1;256;0;0;7;20;4;31;225
П(51888);243800007;4;2;3;0;0;0;2;0;3;0;0;0;0;0;0;3
;250200014;333;0;0;2;245;0;0;1;0;0;0;245;0;3;2;5;0;10;235
;250200033;397;0;0;2;283;0;0;0;0;1;1;283;0;1;2;7;0;10;273
;250200036;572;0;0;2;415;19;0;0;0;4;4;415;0;0;0;14;5;19;396
;250200037;41;0;0;2;32;3;0;0;0;0;0;32;3;0;0;0;0;3;29
;252200012;802;0;0;2;432;0;0;0;0;2;0;432;0;10;7;0;2;19;413
;252200015;389;0;0;2;296;13;0;0;0;0;0;296;0;0;13;0;0;13;283
;252200019;694;694;0;2;464;0;0;4;0;2;0;464;0;17;8;7;0;32;432
;252200043;527;0;0;2;382;0;1;8;0;0;0;382;0;8;6;3;0;17;365
;252300007;532;1;0;2;347;0;1;2;0;0;0;347;0;3;9;4;0;16;331
;252300008;465;0;0;2;283;0;0;0;0;0;0;283;0;9;2;2;0;13;270
;252300009;441;0;0;2;314;0;0;2;0;8;8;314;0;4;6;4;0;14;300
;252400022;477;0;0;2;222;0;0;2;0;0;0;222;0;0;4;6;0;10;212
;252400028;493;0;0;2;284;0;0;0;0;0;0;284;0;0;0;15;0;15;269
;252400032;427;0;0;2;305;0;0;1;0;0;0;305;0;0;12;2;0;14;291
;252400033;353;0;0;3;181;0;0;0;0;2;0;181;0;1;0;5;0;6;175
;252400035;826;0;0;2;588;1;0;5;0;0;0;588;0;9;1;0;0;10;578
;252400052;956;1;0;2;547;0;0;0;0;0;0;548;0;4;11;4;0;19;529
;252400053;747;1;0;2;529;0;0;3;0;15;0;529;0;0;7;16;0;23;506
;253500050;701;0;0;2;483;0;0;6;0;0;0;483;0;0;3;15;3;21;462
;253500054;524;0;0;2;300;0;0;0;0;2;2;300;0;8;2;6;0;16;284
;253500057;749;2;0;2;410;0;0;2;0;2;0;410;0;11;7;9;0;27;383
;253500059;842;0;0;2;527;0;0;0;0;0;0;527;0;9;9;0;0;18;509
;253500064;494;0;0;2;311;0;0;2;0;7;0;311;0;0;6;2;0;8;303
;253500071;479;3;0;2;253;0;0;1;0;0;0;253;0;6;3;4;0;13;240
;253500072;404;0;0;2;262;0;0;0;0;0;0;262;0;3;3;3;0;9;253
;253500075;612;0;0;2;371;0;0;2;0;1;0;371;0;6;3;5;0;14;357
;260900060;514;0;0;2;406;0;0;0;0;21;21;406;0;9;0;0;0;9;397
;260900064;381;0;0;2;302;0;0;3;0;23;23;302;0;4;3;5;0;12;290
;260900068;531;1;0;2;473;0;0;0;0;0;0;473;0;0;0;12;0;12;461
;260900069;516;0;0;2;317;0;0;1;0;8;8;317;0;2;4;5;0;11;306
;260900070;743;0;0;2;449;0;0;7;0;2;2;449;0;0;7;7;0;14;435
;260900071;422;1;0;2;323;0;0;0;0;1;1;323;3;0;4;2;0;9;314
;260900072;473;0;0;2;341;0;0;0;0;0;3;341;0;5;7;8;0;20;321
;260900076;442;0;0;2;313;0;0;4;0;0;0;313;0;13;1;0;0;14;299
;260900077;512;0;0;2;318;0;0;2;0;2;2;318;0;5;2;2;0;9;309
;260900078;618;0;0;2;381;0;0;0;0;1;1;381;0;10;7;9;0;26;355
;260900087;882;0;0;2;572;0;0;1;0;1;1;572;0;8;12;0;0;20;552
;261100025;268;0;0;2;210;0;0;0;0;0;0;210;0;1;9;11;0;21;189
;261100027;139;0;0;2;107;0;0;0;0;3;3;107;0;4;1;1;0;6;101
;261100028;35;0;0;2;27;0;0;0;0;0;0;27;0;1;1;0;0;2;25
;261700010;431;1;0;2;338;0;0;3;0;7;7;338;0;0;10;8;0;18;320
;261700014;510;0;0;2;434;0;0;9;0;0;0;434;16;2;2;7;0;27;407
;261900003;502;0;24;2;406;29;0;7;24;24;0;406;25;0;4;0;0;29;377
;262800026;603;0;0;2;484;0;0;3;0;0;0;484;0;0;11;0;0;11;473
;262800028;407;0;0;2;308;0;0;6;0;1;0;308;0;13;9;1;0;23;285
;262800036;723;0;0;2;478;0;0;3;0;3;3;478;9;0;5;0;0;14;464
;263000009;346;0;0;2;306;0;0;1;0;0;0;306;0;0;2;2;0;4;302
;263200015;571;0;0;2;400;0;0;1;0;0;0;400;0;0;14;7;0;21;379
;263200016;489;0;0;2;381;0;0;1;0;0;0;381;0;0;5;31;0;36;345
;263200018;665;0;0;2;449;0;0;0;0;5;0;449;0;0;14;7;0;21;428
;263200020;476;0;0;2;332;0;0;1;0;3;3;332;0;9;1;6;0;16;316
;263200021;443;0;0;2;345;0;0;8;0;3;3;345;0;3;3;4;0;10;335
;263200022;544;1;0;2;401;1;0;4;0;0;0;401;11;0;7;6;0;24;377
;263200023;474;0;0;2;322;0;0;5;0;0;0;322;0;0;7;4;0;11;311
;263200024;535;0;0;2;398;0;0;1;0;0;0;398;0;13;4;4;0;21;377
;263300040;609;0;0;2;489;0;0;3;0;0;0;489;3;9;0;5;0;17;472
;263300044;445;0;0;2;342;0;1;0;0;0;0;342;0;19;2;2;0;23;319
;263400116;555;0;0;2;429;0;0;5;0;0;0;429;0;0;6;6;2;14;415
;263400119;702;0;0;2;550;0;0;0;0;0;0;550;8;0;12;0;0;20;530
;263400120;656;0;0;2;544;0;0;0;0;0;0;544;0;0;4;4;0;8;536
;263400122;574;0;0;2;258;13;0;2;0;0;0;258;15;0;6;0;0;21;237
;263400126;643;0;0;2;385;0;0;2;0;0;0;385;0;0;10;17;0;27;358
;263400129;811;0;0;2;606;0;0;7;0;0;0;606;0;0;13;13;0;26;580
;263400130;485;0;0;2;401;0;0;0;0;0;1;401;0;4;4;6;0;14;387
;263400131;463;0;0;2;326;0;0;1;0;0;0;326;0;8;3;0;0;11;315
;263400132;550;0;0;2;397;0;0;2;0;2;0;397;0;1;5;1;1;8;389
;263400135;332;0;0;2;219;0;0;0;0;0;0;219;0;0;4;1;0;5;214
;263400142;425;0;0;2;333;6;0;4;0;0;0;333;1;0;2;3;0;6;327
;263400146;627;0;0;2;440;0;0;4;0;0;0;440;3;0;7;3;0;13;427
;263400148;405;1;0;2;311;0;0;0;0;0;0;311;0;5;2;0;0;7;304
;263400149;362;0;0;2;272;0;0;0;0;2;0;272;0;5;3;0;0;8;264
;271000002;440;0;0;2;293;0;0;2;0;1;0;293;0;1;1;3;0;5;288
;271000003;553;1;0;2;364;0;0;1;0;2;2;364;0;1;1;5;0;7;357
;271000007;411;0;0;2;290;0;0;0;0;0;0;290;4;1;0;0;0;5;285
;271000011;331;0;0;2;266;0;0;0;0;0;0;266;0;0;0;9;0;9;257
;271000012;413;2;0;2;342;0;0;8;0;0;0;342;0;13;2;0;0;15;327
;271000013;354;0;0;2;237;0;0;2;0;4;0;237;5;0;1;0;0;6;231
;271000015;459;0;0;2;364;0;0;8;0;1;0;364;9;0;6;2;0;17;347
;271000016;479;0;0;2;354;0;0;1;0;0;0;354;0;12;11;4;0;27;327
;271000017;257;0;0;3;195;0;0;0;0;0;0;195;0;0;7;5;0;12;183
;271000019;484;0;0;2;334;1;0;0;0;0;0;334;1;0;1;3;0;5;329
;271800001;449;0;0;2;346;0;0;1;0;2;0;346;0;6;4;6;0;16;330
;271800002;672;0;0;2;519;0;0;0;0;0;0;519;0;13;2;2;4;21;498
;271800004;447;0;0;2;345;0;0;1;0;15;0;345;0;0;13;0;1;14;331
;271800020;603;0;0;2;425;0;0;5;0;3;0;425;0;5;5;7;0;17;408
;271800021;573;0;0;2;416;0;0;3;0;2;1;416;0;17;0;0;0;17;399
;271800022;620;6;0;2;514;0;0;0;0;4;4;514;0;66;0;0;0;66;448
;271900011;526;0;0;2;291;0;0;0;0;0;0;291;0;10;3;7;0;20;271
;271900012;238;0;0;2;172;1;0;0;0;0;0;172;0;1;0;0;0;1;171
;271900014;461;1;0;2;313;0;0;3;0;0;0;311;0;3;3;6;10;22;289
;271900015;158;1;0;2;102;0;0;0;0;0;0;102;0;1;1;3;0;5;97
;272100004;305;2;6;2;217;10;0;0;6;6;6;217;10;0;0;0;0;10;207
;272100008;564;3;0;2;435;0;0;0;0;3;0;435;0;16;0;0;0;16;419
;272100009;397;3;0;2;284;0;0;0;0;3;0;284;3;0;3;4;0;10;274
;272100010;286;0;19;2;237;0;0;1;19;19;0;237;0;0;3;8;0;11;226
;272100013;622;5;0;2;489;0;0;0;0;0;0;489;0;8;2;0;0;10;479
П(78656);272100014;2;2;2;0;0;0;0;0;2;0;0;0;0;0;0;2
;272200022;430;1;0;2;334;0;0;3;0;0;0;334;2;4;3;0;0;9;325
;272200023;363;0;0;2;278;0;0;0;0;0;0;278;0;2;0;0;0;2;276
;272300012;956;3;0;2;469;1;0;22;0;0;0;469;0;22;11;0;0;33;436
;272300014;587;0;0;2;352;0;0;2;0;2;2;352;0;0;11;23;0;34;318
;272300015;537;1;0;2;356;0;0;3;0;1;1;356;0;7;5;0;0;12;344
;272300017;263;2;0;2;176;0;0;1;0;1;0;176;0;1;0;2;0;3;173
;272500007;579;0;0;2;362;0;0;5;0;2;2;362;0;6;7;16;0;29;333
;272500011;691;0;0;2;447;0;0;4;0;0;0;447;0;25;6;0;0;31;416
П(10762);272500014;5;2;5;0;0;0;3;3;5;0;0;0;0;0;0;5
П(62732);272500014;3;2;3;0;0;0;0;0;3;0;0;0;1;0;1;2
;273000103;871;0;4;2;645;0;0;8;4;4;0;645;0;8;6;7;1;22;623
;273000105;534;1;0;2;301;0;0;0;0;0;0;301;0;0;0;17;0;17;284
;273000106;625;2;0;2;393;14;0;0;0;0;0;393;0;0;8;0;0;8;385
;273000112;477;0;0;2;287;0;0;1;0;1;1;287;0;2;1;2;0;5;282
;273000113;526;4;0;2;325;0;0;3;0;1;1;325;0;6;0;2;0;8;317
;273000114;468;0;0;2;329;17;0;1;0;0;0;329;5;0;12;0;0;17;312
;273000119;672;0;0;2;468;0;0;9;0;1;0;468;12;0;9;0;0;21;447
;273000120;309;0;0;2;260;5;0;0;0;5;5;260;8;4;0;3;0;15;245
;280300007;458;1;0;2;353;0;0;4;0;14;0;353;0;5;4;4;0;13;340
;280700017;695;0;0;2;480;0;0;2;0;2;2;480;0;15;11;4;0;30;450
;280700023;459;0;0;3;340;0;0;3;0;0;0;340;11;0;5;16;0;32;308
;280700026;568;0;0;2;365;0;0;0;0;4;0;365;0;3;16;5;0;24;341
;280700028;537;0;0;2;420;0;0;0;0;0;0;420;0;10;7;0;0;17;403
;280700029;303;0;0;2;232;0;0;0;0;0;0;232;3;3;0;7;0;13;219
;280700030;374;0;0;2;296;0;0;0;0;2;0;296;5;14;3;0;0;22;274
;282200012;378;0;0;2;302;0;0;2;0;0;1;302;0;4;2;3;0;9;293
;282200017;427;0;0;2;354;11;0;0;0;0;21;354;11;0;0;0;0;11;343
;282200019;444;1;0;2;326;0;0;2;0;9;9;326;0;6;3;6;0;15;311
;282500002;477;0;0;2;351;0;0;1;0;6;6;351;0;0;6;1;1;8;343
;282500003;507;0;1;2;395;0;0;4;1;7;7;395;0;2;4;2;0;8;387
;282500006;619;0;0;2;389;0;0;0;0;0;0;389;0;0;22;0;0;22;367
;282500007;577;0;0;2;392;0;0;4;0;0;0;392;0;6;9;0;0;15;377
;282500010;435;0;0;2;316;0;0;0;0;0;0;316;0;3;0;4;0;7;309
;282500011;416;0;0;2;296;0;0;0;0;0;0;296;1;0;3;2;0;6;290
;282500018;729;0;3;2;608;0;0;11;3;0;9;608;0;0;5;10;0;15;593
;282500021;524;0;16;2;380;0;0;4;16;8;8;380;0;17;4;2;0;23;357
;282500023;324;0;0;2;238;0;0;1;0;0;0;238;0;6;2;4;0;12;226
;282500028;416;0;0;2;291;0;0;4;0;6;6;291;0;2;6;1;0;9;282
;282500029;427;0;0;2;291;0;0;0;0;1;0;291;6;1;3;0;0;10;281
;282500035;530;2;0;2;436;0;0;0;0;0;0;436;0;11;11;0;0;22;414
;282500036;540;0;0;2;401;0;0;4;0;19;19;401;0;0;9;7;0;16;385
;282500038;512;0;0;2;329;0;0;1;0;0;0;329;0;2;1;2;1;6;323
;282500039;551;1;0;2;356;0;0;0;0;0;0;356;2;2;0;4;0;8;348
;282500045;548;0;0;2;353;13;0;0;0;1;0;353;0;4;9;0;0;13;340
;282500046;857;0;0;2;545;0;0;4;0;2;2;545;0;9;4;4;0;17;528
;282500048;479;0;0;2;401;0;0;0;0;11;11;401;0;0;2;25;0;27;374
;282500049;643;0;2;2;516;0;0;0;2;2;2;516;3;0;0;21;2;26;490
;282500050;527;0;0;2;372;0;0;4;0;0;0;372;0;2;4;3;1;10;362
П(3229);282500052;13;2;13;0;0;0;0;0;13;0;1;0;1;0;2;11
